1 27486
1 27473
0 27944
0 27336
1 27661
1 27356
0 27722
0 27333
1 27568
1 27739
1 27496
0 27597
1 26840
1 27401
0 27485
1 27268
1 27902
0 27426
1 26972
1 27327
1 27065
1 27475
0 27689
0 27890
1 27469
1 27387
0 27613
1 27665
1 27984
0 27583
0 27287
0 27675
0 27998
1 27430
1 27736
0 27820
1 27691
1 27753
1 27626
1 27785
1 27273
0 27510
1 27616
1 27982
0 27247
0 27574
1 27531
1 27992
1 27786
1 27726
1 27766
0 28363
1 27958
0 27742
1 28022
0 27452
0 27357
0 27938
0 27858
1 27704
1 27983
1 27632
0 27613
0 27566
0 27452
0 27399
0 27514
0 27641
0 27039
0 27280
1 27343
0 27417
1 27374
1 27176
0 27055
1 27576
0 27834
1 27815
1 27691
1 27553
1 27664
1 27921
0 27608
0 27875
0 27731
0 27008
1 27188
1 27722
1 27456
0 27697
1 27461
1 27711
1 27576
0 27094
0 27390
0 27467
0 27386
1 27447
1 27880
1 27504
1 27842
1 27589
1 27356
1 27669
1 27789
0 28006
1 27273
1 27164
0 27480
1 27772
1 27645
1 27427
1 28147
0 27789
0 27613
0 27715
1 27664
0 27740
1 27178
1 27838
1 27796
1 27376
1 27839
1 27735
1 27855
0 27854
0 27675
0 27360
1 27795
1 27644
0 27567
1 27367
1 27528
0 27483
1 27746
0 27751
0 28004
0 28107
0 27499
1 27902
0 27997
0 27987
1 27612
1 28050
1 28054
0 27826
0 27320
1 27343
1 27578
0 27663
1 27535
0 27118
1 27680
1 27609
0 27399
1 27247
0 27739
0 27756
0 27972
0 27471
0 28133
1 27443
0 27603
0 27512
1 27232
1 27862
1 27811
0 27692
0 27357
0 27799
0 27729
1 27600
1 27818
1 27634
1 27724
1 27706
0 27635
1 28179
1 28018
1 27562
0 27471
1 27367
0 27466
0 27530
1 27244
1 27529
0 27305
1 27259
0 27305
1 27707
0 27271
1 27606
0 27604
0 27396
1 27508
0 27735
0 27755
1 27692
1 27809
1 27610
1 27540
0 27871
1 27353
1 27329
0 27718
0 27323
0 27659
0 27782
0 27567
0 27810
0 27543
1 27910
1 27442
1 27352
1 28264
1 28012
1 27439
0 27549
1 28358
1 27898
1 27404
1 27875
1 27345
0 27597
0 27821
1 27391
1 27705
1 27551
0 27531
1 27414
1 27172
0 27755
0 27750
1 27398
0 27478
0 27508
0 27264
1 27414
1 27662
1 27621
1 28001
0 27422
0 27507
1 27667
0 27302
0 27353
1 27631
0 27362
1 27865
0 27411
0 27315
1 27881
0 27417
1 27307
0 27442
1 28208
1 27418
0 27516
1 27515
0 27547
0 27669
1 27471
1 27737
0 26915
1 27633
1 27615
1 27188
1 27286
1 27689
1 27080
1 27334
1 27553
0 27560
0 27009
1 27769
1 27866
1 27500
0 27590
0 27370
0 27380
1 27591
0 27751
0 27885
0 27362
0 27542
0 27661
0 27488
0 27643
1 27549
0 27550
0 28198
1 27291
0 27341
0 27683
0 28086
0 27425
0 27238
0 27567
0 27358
1 27342
0 27430
1 27508
1 27624
1 27408
0 27137
0 27596
1 27171
1 27505
1 27403
0 27781
0 27972
1 27385
1 27322
1 27714
0 27309
0 27519
0 27828
1 27861
0 27220
1 27233
0 27696
1 28007
1 27674
1 27672
0 27585
0 27395
0 27144
0 28060
1 27685
0 27391
0 27308
0 27841
0 27861
0 27378
0 27609
1 28042
1 27519
0 27306
1 27717
1 27925
1 27404
0 27851
1 27674
0 27860
1 27841
0 27425
1 28094
0 27523
0 27717
0 27926
0 27650
1 27822
0 27774
0 27435
1 27864
0 27140
1 27635
1 27575
1 27462
1 26980
0 27088
0 27494
0 27510
1 27823
1 27588
1 27442
1 27748
0 28138
0 27826
0 27537
0 27641
1 27322
1 27790
1 26920
0 27743
1 27649
0 28060
0 27195
1 28190
0 27370
0 27673
0 27727
0 28002
1 27555
0 27748
1 27568
0 27556
0 27612
1 27136
0 27604
1 27935
0 27750
1 27436
0 27507
0 27791
0 27818
1 27201
0 27410
1 27771
0 27417
1 27552
0 27464
0 27640
0 27747
0 27338
1 27615
0 27983
0 27551
1 27355
0 27621
1 27667
0 27416
0 27587
0 27737
0 27716
1 27517
0 27124
0 27325
0 27259
0 27668
1 28263
0 27406
1 27898
0 27521
0 27368
0 27638
1 27487
0 27531
0 27590
1 27721
1 27688
0 27594
0 27422
1 27578
1 27464
0 27516
1 27459
1 27306
1 27292
1 27203
0 27435
1 27512
0 27454
1 27757
0 27841
0 27225
1 27417
0 27558
1 27473
1 27811
1 27490
1 27846
0 27544
0 27681
0 27769
1 27484
1 27443
0 27448
0 27369
0 27781
0 28084
1 28017
0 27787
0 27854
1 27768
0 26846
1 27647
1 27035
0 27078
1 27453
0 27307
0 27991
1 27646
1 27667
0 27211
0 27498
0 27970
1 27473
1 27435
0 27663
1 27291
0 27581
1 28014
0 27455
1 28015
0 27637
1 27417
1 27954
0 27482
0 28161
1 27611
1 27647
0 27430
0 27276
0 27558
0 27412
1 27937
0 27794
1 27875
1 27350
0 27683
0 27667
0 27792
0 27465
0 27600
1 27764
0 27640
0 27887
1 27710
0 27866
1 27802
1 27793
1 27882
1 27614
1 27304
1 27758
1 27322
1 27440
0 27700
0 27532
0 27334
0 27340
0 27793
0 27257
1 27329
0 27950
1 27405
1 27229
1 27780
1 27768
1 27200
1 27401
0 27608
0 27656
0 27720
0 27351
1 28030
1 27278
1 27864
1 27645
1 27649
1 27739
0 27586
1 27015
0 27596
0 27882
0 27798
0 27578
0 27710
1 27477
1 27438
1 27277
0 28094
0 27717
0 27146
0 27762
1 27594
1 27498
0 27596
0 27773
1 27570
1 27639
0 27646
1 27334
0 27628
1 27573
0 27510
0 28077
0 28062
0 27671
1 27436
0 27872
0 27747
0 27393
0 28213
1 27730
1 27580
1 28216
0 27701
0 27642
1 27225
0 27602
0 27947
0 27532
0 27681
0 28182
1 27659
0 27174
0 27985
1 27427
1 27572
0 28038
1 28203
0 27185
0 27698
0 27648
1 27508
1 27438
0 27414
0 27610
0 27894
0 27505
1 27590
0 28046
1 28053
0 27481
0 27593
1 27396
1 27992
0 27559
0 27725
1 27767
1 27760
1 28137
1 28224
0 27712
0 27782
1 27567
0 28300
1 28088
1 27407
0 27164
1 28057
1 27089
0 27743
0 27818
1 27218
0 27477
1 27628
0 27467
1 27802
0 27175
1 27220
1 27889
1 27704
1 27434
0 27473
1 27697
1 27662
0 27902
0 27735
0 27650
1 27752
0 28427
0 27895
1 27711
0 27622
0 28085
1 27600
1 27778
0 27176
0 27601
0 26955
0 27822
0 27614
1 27929
0 27160
0 27498
0 27512
0 27206
1 27382
0 27034
1 27278
1 27227
0 27685
0 28011
1 27623
0 27496
0 27660
1 27750
1 27527
1 27893
0 27499
1 27972
0 27380
0 27387
1 27565
1 27814
1 27640
0 27641
1 27233
0 27545
1 27974
1 27443
0 27289
0 27926
1 27384
1 27660
0 26930
1 27795
0 27657
0 28021
0 27231
0 27295
1 27387
0 28028
1 27699
1 27579
1 27454
0 28161
0 28035
1 27597
0 27452
1 26889
0 27774
0 27643
0 27855
0 27970
0 27140
0 28042
1 27788
1 27499
0 27717
1 27876
1 27787
1 27853
1 27650
1 27395
1 27491
0 27136
1 27610
0 28162
1 27227
1 27653
1 27739
1 28079
0 27795
0 27327
0 27737
0 27499
1 27450
1 27906
0 27766
1 27756
1 27557
1 27828
0 27933
1 27562
1 27724
1 27338
0 27660
1 27565
1 27728
1 27500
0 27707
1 27677
1 27769
0 27790
0 27115
1 27733
1 27629
0 27522
0 27379
1 27607
0 27676
1 27612
0 26945
1 27282
0 27575
1 27298
0 27825
0 27763
1 28039
0 27961
0 27618
1 27758
0 26983
1 27611
1 27980
0 27635
0 27306
1 27673
1 27868
0 28061
1 27999
0 27816
1 28140
0 27146
1 27555
0 27476
0 27483
1 27387
1 27638
0 27624
1 27274
1 27691
0 27491
0 27268
1 28135
1 27355
0 27561
1 27258
0 27501
0 27389
0 28418
0 27499
1 27773
1 27381
0 27897
1 27865
1 27284
1 27719
1 27470
1 27811
1 27538
0 27516
0 27615
1 27480
1 27384
0 27992
0 27325
0 27132
0 27858
0 27886
1 27520
0 27871
0 28341
0 27351
0 28014
1 27740
0 27401
1 27510
1 27482
0 27364
1 27812
0 27567
1 27844
1 27645
0 27447
0 28026
1 27320
0 27614
1 28061
0 27624
0 27978
1 28244
1 27504
1 27656
1 27758
1 27692
0 27877
0 28153
0 28149
1 27608
1 27712
1 27596
1 27720
1 27570
0 27684
0 27662
1 28132
0 28156
0 27576
1 27363
1 27850
0 27805
0 27176
1 27506
0 27729
1 27913
0 27983
1 27701
1 27460
0 27600
0 27530
0 27340
0 27212
0 27766
1 27760
0 27326
0 27597
0 27333
1 27509
1 27789
1 27470
0 27777
1 28090
1 27448
0 27699
1 27563
0 27667
0 28037
0 27986
1 27769
0 27651
0 27123
1 27472
1 27875
0 27586
0 27603
1 27486
1 27781
0 27645
1 27382
1 27964
1 27797
1 27885
0 27164
0 27580
1 27636
0 27752
1 27376
0 27375
0 27324
0 27764
0 27822
1 27422
0 27782
0 27541
0 27771
0 27890
1 27823
1 27752
1 27530
0 27904
0 27583
0 27929
0 27787
0 27525
1 27200
1 27618
1 27616
0 27352
1 27835
1 27469
0 27459
1 27459
1 27799
1 27340
1 27590
1 27404
0 27605
1 27681
1 27671
0 27737
0 27625
0 27428
0 27422
0 27474
0 26968
0 27570
1 27708
0 27856
0 27501
0 27714
1 27743
0 27671
1 28011
0 27533
1 27618
0 27356
1 27373
1 27748
1 27637
1 27166
0 27220
0 27718
1 27103
0 27617
0 27694
1 27400
1 27221
0 27786
0 28000
1 27650
1 27547
1 28117
0 28279
0 27662
0 27898
1 27893
1 27597
1 27335
1 27667
1 28130
0 27696
1 27425
0 27507
0 27599
1 27776
0 27277
1 27677
1 27632
1 27521
1 27340
1 27691
0 27614
0 27974
1 27485
1 27159
0 28908
0 28116
1 28091
1 28057
1 27420
1 27651
1 27888
1 27885
1 28111
0 28014
1 27409
1 27660
1 27609
1 27506
1 27339
1 27882
0 27567
0 27263
0 28009
1 27567
0 27520
1 27998
0 27705
0 27417
1 27863
0 28114
0 28021
0 27988
0 27897
0 27747
1 27611
1 27316
1 27798
1 28060
1 27857
1 27549
0 27594
1 27900
0 27379
0 27704
0 27669
0 27716
0 27804
0 27333
0 27359
1 27422
0 27749
1 27798
0 27825
1 27446
1 28059
1 27004
0 27066
0 27263
0 27484
0 27509
0 27500
1 27486
0 28088
1 27285
0 27119
0 27792
1 28141
1 27649
0 28407
1 27532
1 27721
1 27925
1 27928
0 27764
0 27392
0 27595
1 27523
0 28005
0 27517
0 27116
0 27871
1 27582
0 27884
1 28026
0 27429
1 27541
1 27977
1 27409
0 27682
0 27543
0 27577
1 27372
0 27719
1 27787
1 27285
1 27722
0 27085
1 27546
1 27719
0 27461
1 27467
0 28063
0 27580
1 27791
1 27466
0 27695
1 27662
0 27974
1 27847
0 27534
1 27826
0 27649
0 26970
1 27706
0 27659
1 27830
1 27582
0 27665
1 27324
0 27800
1 27751
1 27576
1 28026
0 27584
1 27294
1 27289
0 28267
1 27849
0 28057
1 27642
0 28075
0 27144
0 27862
1 27668
1 27627
0 27613
0 28322
1 27154
1 27674
0 28162
0 27934
0 27102
1 27985
1 27703
0 27502
0 27542
0 27483
0 27260
1 27456
0 27595
1 27931
1 27995
0 27975
1 27560
0 27382
1 27909
0 27388
0 27991
1 27664
1 27232
0 27885
0 27852
0 27779
1 27479
0 27455
0 27699
0 27666
0 27805
0 27737
1 27398
1 27625
1 27398
0 27686
0 27588
0 27553
1 27969
1 27727
1 27479
0 27792
0 27495
0 26963
0 27928
0 27734
0 27821
1 27588
0 27628
0 27672
0 27747
1 27062
0 28015
0 27117
0 27820
1 27472
1 27543
0 27616
0 27901
1 27461
1 27544
1 27578
0 27360
1 28038
0 27856
1 27961
0 28208
1 27609
0 27686
0 27745
1 27542
0 27686
1 27643
0 27805
1 28157
1 27666
0 27844
0 27475
1 27277
1 27629
1 27544
0 27857
1 27995
0 27211
1 27400
0 27782
0 27686
1 27749
1 27763
0 27484
1 27536
1 27731
0 27233
1 27240
0 27544
1 27432
1 27495
1 27481
1 27562
0 27744
1 27313
0 27625
1 27224
1 27854
1 27262
1 27829
1 27688
0 27881
1 27060
1 27658
0 27873
1 27627
0 27464
0 27372
1 27350
0 27577
1 27271
0 27367
1 26878
1 27795
1 28230
1 27642
0 27320
1 27747
1 28355
1 27368
1 27708
1 27484
1 27523
0 28278
0 27480
1 27532
1 27512
0 27442
0 27702
1 27751
1 27958
0 27557
1 27821
1 27788
1 27262
0 27559
1 27474
0 27441
0 26952
1 27777
0 27229
0 27313
1 27357
0 27689
1 27494
1 27462
0 27631
0 27808
1 27473
1 27782
0 27392
0 27567
1 27660
0 28019
1 27467
1 27746
1 27616
1 27547
0 27403
0 27355
1 27750
0 27804
1 27479
1 27648
0 27650
1 27866
1 27498
1 27181
1 27679
0 27404
1 27370
0 27593
1 27642
1 27343
1 27241
1 27660
0 27657
0 27867
0 27834
0 27567
0 27974
1 28080
1 27384
1 27486
1 27381
1 27504
1 27714
1 27683
1 27669
0 28202
0 27471
0 27704
0 27721
0 27147
0 28060
1 27446
1 27591
0 27442
1 27678
1 27767
1 28347
0 27846
0 27462
0 27431
0 27240
0 28238
0 27966
1 26998
1 27394
0 27646
1 27885
1 27856
0 27548
1 27232
1 27073
0 27442
0 27807
1 27385
0 27410
0 27351
0 27467
1 28224
1 27319
1 27378
1 28255
1 27980
0 27708
1 28265
0 27576
0 27936
1 27708
1 27349
1 28152
0 27483
0 27877
1 28110
1 27913
1 27806
1 27084
1 27872
0 27583
1 27550
1 27561
0 27334
0 27427
1 27936
1 27245
1 27852
1 27422
1 27133
0 27256
1 27779
1 27375
1 27267
1 27491
1 27845
1 27396
0 28086
1 27854
0 27428
0 27281
1 27344
0 27530
0 27342
0 27547
1 27764
0 27357
0 27674
0 27663
1 27902
1 27397
1 27788
1 27327
1 27933
0 28112
0 27724
0 27051
1 27308
0 27280
0 28362
1 27876
0 27813
0 27537
1 27802
0 27904
1 27319
0 28278
0 27791
0 27675
0 27512
1 27235
1 27672
1 27454
1 27057
1 27597
0 27870
1 27224
0 27612
0 27242
0 27822
0 28140
0 27586
1 27814
1 27800
0 28066
0 27768
0 27924
1 27354
0 27635
0 27582
1 27439
0 27785
1 28066
0 27023
1 27772
0 27950
0 27626
0 27850
1 27444
0 27777
1 27808
1 27786
0 27696
1 27857
1 27220
0 27640
1 27424
0 27384
0 27639
0 27539
1 28072
1 27368
1 27791
1 27342
1 27409
0 27282
1 27779
1 27845
1 28065
0 27436
0 27329
1 27794
0 27574
0 27707
0 27639
0 27709
1 27403
0 27320
1 27737
1 27696
1 27481
1 27385
1 27591
0 27344
0 27692
0 27232
0 27303
0 27778
1 26956
1 27562
1 27195
1 27827
1 27461
1 27440
0 27289
0 27722
0 28015
0 27375
0 27558
0 27298
1 27567
1 27814
0 27539
0 27436
0 27802
0 27306
1 26974
0 27922
1 27307
1 27668
0 27094
1 27843
0 27458
0 26864
0 27253
1 27302
1 27283
1 27253
0 27679
1 27577
1 27594
0 27868
0 27484
0 27779
0 27344
1 27661
1 27712
1 27109
0 27802
0 27650
1 28176
0 28148
0 27557
0 27618
0 27508
1 27567
1 27241
0 27933
0 27064
1 27158
1 27655
1 27022
1 27473
0 27454
0 27371
1 27493
0 27880
1 27400
1 27563
1 27337
1 27097
0 27599
0 27433
0 27282
1 27894
1 27459
0 27338
1 27603
1 27579
1 27202
0 27579
1 27615
1 27341
1 27423
1 27192
0 27648
1 27622
1 27931
1 27737
0 27464
0 27344
1 27691
0 27250
0 27800
0 27671
1 27570
0 27733
1 27848
1 27612
1 28025
1 27455
0 27489
0 27692
0 27535
1 27992
0 27354
0 27426
1 27642
0 27349
1 27381
1 27687
1 27587
1 27740
1 27242
1 27907
1 27342
0 27325
1 27861
0 28326
1 27762
0 27653
1 27911
1 27712
1 27615
0 27006
1 27269
1 27600
0 27583
1 27680
0 27360
0 27483
0 27801
1 27482
1 27611
1 27364
1 27612
0 27821
1 27275
1 27563
1 27579
1 27423
0 27485
1 27593
1 27652
0 27802
1 27373
0 27092
0 27281
1 27639
1 27186
0 27588
0 26916
1 27468
0 27481
0 27835
0 27959
0 27810
0 27227
1 27778
1 27625
1 27732
0 27520
0 27752
1 27332
0 27232
0 28234
0 27738
1 27464
0 27787
0 27864
1 27243
0 27612
1 27554
1 27259
1 27762
1 27712
1 27400
0 27365
0 27541
1 27503
0 27869
1 27265
0 27928
0 27649
0 27876
1 27856
1 27603
0 27505
1 27791
0 27779
0 27677
1 27421
1 27619
1 27464
0 27740
1 27866
0 28131
1 27677
1 27544
0 27885
0 27910
0 27975
1 27555
1 27790
0 27887
1 27615
1 27455
1 27673
0 27495
0 27627
1 27680
1 27504
0 27554
1 27287
0 27945
1 27580
1 27647
1 27647
0 27976
1 27438
0 27741
1 27666
0 27716
0 27755
1 27847
1 27890
0 27179
1 27698
1 27664
1 27800
0 27331
0 27664
0 27487
0 27215
0 27310
1 27557
1 27513
0 27334
1 27322
0 27463
1 27370
0 27379
1 27525
0 27160
0 27652
0 27812
1 27325
0 27510
0 27583
0 27242
1 27563
1 27239
1 27763
0 27314
1 27414
1 27750
0 27522
0 27669
1 27312
0 27634
0 27502
0 28397
1 27607
1 28061
0 27574
1 27928
0 27529
0 27605
0 27834
0 27673
1 27870
1 27662
1 27618
1 27467
0 27204
0 27742
1 27892
0 27436
0 27380
0 28052
0 27293
0 28017
1 27952
0 27326
1 27978
1 27341
0 27147
0 27492
0 27277
1 27393
1 27446
0 27312
0 27431
1 27273
0 27891
1 27352
1 27464
1 27463
0 27563
1 28096
1 27389
1 27769
1 27942
1 27503
1 27353
0 27753
1 27660
1 27690
0 27838
0 27656
1 27753
1 27422
1 27446
1 28392
0 27920
1 27390
1 27926
1 27446
0 27468
0 27706
1 27434
0 27689
1 27593
1 27513
0 27898
1 27592
1 27271
1 27559
1 27258
1 27276
1 27430
1 27550
1 27552
1 27625
0 27618
1 27146
0 27438
0 27129
0 27861
1 27401
1 27358
0 27813
1 27719
1 27260
0 27499
0 27374
1 28255
0 27740
1 27456
0 27867
1 27538
1 27339
1 27858
0 27278
1 27507
0 27625
0 27631
0 27431
0 27821
0 27422
0 27648
0 27544
1 28192
0 27340
0 26950
0 27850
0 27182
0 27383
1 27684
1 27583
0 27702
1 27910
0 27224
1 27545
1 27914
1 27324
0 27972
1 27578
0 27378
0 27237
0 27959
1 27416
1 27194
0 27423
0 27665
1 27510
1 28049
1 27506
0 27660
1 27270
0 27870
1 27189
0 27812
0 27526
0 27456
0 27969
1 27586
0 27512
1 27002
1 27683
0 27619
0 27628
1 27710
0 28211
0 27819
1 27796
0 27612
0 27313
1 27662
0 27665
1 27863
0 27191
0 27218
1 27367
1 27654
1 26935
0 27869
0 27882
1 27309
1 27963
0 27493
0 27565
0 27595
1 27630
0 27841
1 27926
0 27253
0 27633
0 27789
0 27348
1 27668
0 27488
0 27543
1 27480
1 27686
1 28251
0 28044
0 28297
0 27853
0 27607
1 28164
1 27870
0 28225
0 27125
1 27608
0 27289
0 27658
0 27029
1 27485
0 27604
1 27406
0 27500
0 27423
0 27548
1 27350
1 27361
0 27954
0 27531
0 27751
0 27451
0 27507
0 27512
1 27637
1 27761
1 27613
1 27480
1 27711
0 27716
0 28017
1 27402
1 27651
1 27878
1 27917
0 28016
0 27584
1 27632
0 27574
0 27562
1 27340
0 27238
1 27441
1 27502
0 27144
0 27899
0 27215
0 27525
0 27450
1 27852
1 28033
0 27526
0 27760
0 27542
1 27692
0 27444
0 27787
1 27881
0 27625
1 27849
0 28041
0 27583
1 27705
1 27594
0 28253
1 27766
0 27502
1 27585
1 27774
1 27208
0 27900
1 27436
1 27724
1 28356
1 28642
0 28277
0 28199
0 27637
1 27523
0 27667
1 27822
1 27444
1 27367
0 27125
1 27415
1 27819
0 27407
0 27965
0 27943
1 27689
0 27533
1 27940
0 27098
0 27479
1 27932
1 28285
0 27328
1 27789
0 27361
1 27257
1 26975
1 27566
1 27675
1 27567
1 27706
0 27640
0 27694
1 27698
1 27598
0 28234
0 27198
1 27413
1 27463
0 27784
1 27816
1 27126
0 28267
0 27599
0 27723
1 27678
0 28214
0 27902
0 27860
0 27496
1 27499
0 27911
0 27959
1 27883
0 27523
1 28034
1 27267
1 27295
0 27528
1 27987
1 27957
0 27659
0 28222
1 27807
0 27940
1 27426
0 27793
1 27588
1 27382
0 27671
0 27343
1 27347
0 27911
0 27665
0 27219
0 27659
0 26965
0 27258
1 27665
1 27673
1 27302
1 27712
1 27481
0 27563
1 27841
0 27577
1 27615
1 27938
0 28067
0 27799
0 27708
1 27337
1 27796
1 28322
1 27900
1 27732
1 27028
0 27746
1 27394
0 27788
0 27672
1 27668
0 27652
1 27597
0 27385
0 27485
0 27769
1 27524
1 27874
0 27615
0 27597
1 27674
1 27903
0 27643
0 27456
1 27876
1 27909
0 27687
0 27647
1 27513
1 27480
1 27242
1 27833
0 27791
1 26994
1 27617
0 27754
0 27731
0 27783
0 27837
1 28271
1 27390
0 27934
0 27361
0 27506
1 27304
1 27526
1 27686
0 27626
1 27567
1 27621
1 27722
1 27786
1 28162
0 27143
1 27359
1 27525
0 27255
0 27165
0 27719
0 27856
1 27595
0 27829
0 27891
0 27517
1 27839
0 27593
1 27633
0 27636
0 27098
0 27879
0 28368
0 27506
0 27582
1 27738
1 27850
0 27958
0 27376
0 27563
1 27626
0 27456
0 27747
1 27677
1 27625
0 27954
0 27747
1 28005
0 28000
0 27341
0 27678
0 27550
1 27859
0 27455
1 27940
1 27560
1 27373
1 27364
0 28135
1 27654
0 27611
1 27379
1 28110
1 27712
1 28012
0 27659
0 27900
1 28000
1 27586
1 27367
0 27899
0 27394
0 27615
1 27385
0 27712
0 27651
0 27714
0 27627
0 27941
0 27486
1 27657
0 27555
1 27727
1 27302
1 27440
1 27717
1 27450
0 27421
0 27459
1 27679
0 27758
1 27915
1 27505
0 27860
0 27406
1 27969
1 27874
1 27976
0 27617
0 27848
1 27469
1 27269
1 27469
0 27851
0 27928
0 27619
0 27575
1 27357
1 27471
1 27442
0 26913
1 27432
0 27839
0 27301
0 27272
1 27638
1 27722
0 27653
0 27692
0 27731
0 27385
1 27209
0 27084
1 27371
1 27170
1 27592
1 27483
1 27740
1 27642
0 28058
0 27401
1 27381
1 27401
0 27734
1 28209
0 27747
0 27423
0 27549
0 27694
0 27368
0 27378
0 27745
1 27618
0 27730
1 27970
0 27464
0 27378
1 27851
1 27238
1 27570
0 27889
1 27239
1 27384
0 27422
1 27547
1 27690
0 27765
1 27615
0 27552
1 28057
1 28036
1 27606
1 27740
1 27831
1 27570
1 27674
0 27569
0 27124
0 27292
1 27939
1 27597
0 27597
0 27032
1 27987
1 27566
1 27362
0 27871
0 27443
1 27300
1 27489
0 27535
1 27352
1 27549
0 27440
0 27369
1 27753
1 27455
1 27880
1 27461
0 26975
1 27677
1 28043
0 27070
0 28060
1 27787
0 27803
0 28134
0 27597
1 27722
0 27859
1 27537
0 27860
1 27638
0 27293
0 27601
1 27447
0 27259
0 26990
0 27900
1 27103
0 27590
1 27432
1 27250
0 27524
0 27721
0 27593
0 27540
0 27975
0 27888
0 27924
1 27113
1 27395
1 27086
1 27600
0 27457
1 27611
0 27370
1 27554
1 27408
1 27979
0 27647
1 27611
0 27751
0 27585
0 27290
1 27536
0 27166
0 27287
0 27636
1 27346
0 27550
1 27208
1 27619
0 27833
0 28096
1 27914
1 27669
1 27392
0 27608
0 27597
1 28501
1 27812
0 28048
1 27706
1 27734
1 27977
1 27458
0 27601
0 27996
1 28050
0 27473
1 27536
1 27302
1 27451
1 27698
1 27461
0 27563
0 27733
0 27713
1 27589
1 27363
1 27800
0 27693
1 27645
0 27752
1 27718
1 27724
0 27887
0 27652
1 27723
1 27675
0 27557
1 27847
1 28043
0 27506
1 27378
1 27475
0 27880
0 27637
0 27517
1 27528
0 27076
1 27812
1 27711
0 27837
1 27602
1 27894
1 27556
0 27756
0 27444
0 27387
0 27473
0 27568
1 27440
1 27922
1 27614
1 27874
1 28072
0 27630
0 27315
1 27860
1 27838
1 27318
1 27512
1 27939
0 27396
1 27371
1 27938
0 27788
1 27468
1 27770
0 27671
0 27563
1 27770
0 27821
1 27192
1 27593
1 27530
0 27401
0 27578
0 27823
1 27469
0 27828
0 27703
1 27490
0 27337
0 27458
1 27923
0 27234
0 27246
1 27288
1 27712
0 27862
1 27710
1 27983
0 27784
1 27979
0 27530
0 27691
0 27897
0 27353
0 27357
1 27182
1 27767
0 27225
0 28209
1 27426
0 27892
0 27292
0 27486
0 27743
0 27124
0 27554
1 27601
1 27754
0 27661
0 27475
0 27829
1 27128
1 27203
1 27781
1 27439
1 27412
0 27475
1 28309
0 27354
1 27742
1 27673
1 27346
1 27520
0 27460
0 28005
0 27422
0 27984
0 27592
0 27542
0 27010
0 27697
1 27905
1 27609
0 27203
0 27533
0 27868
1 27828
0 27619
0 27929
1 27734
1 27891
0 27651
1 27630
0 27265
0 27535
1 27771
0 27663
0 27063
1 27671
1 28134
0 27556
0 27278
1 27328
0 27603
1 27712
0 27392
0 27131
1 27353
1 27238
1 27706
0 27450
1 27164
1 27005
0 27771
0 27558
1 27561
0 27523
0 27250
0 27322
1 27485
0 27434
1 27386
0 27257
0 27187
0 27820
0 27393
0 27730
1 27270
1 27479
1 27399
0 27861
0 27197
0 27513
0 27172
0 27860
0 27400
0 27774
1 27669
0 27459
0 27473
1 27544
1 27659
0 27691
1 27832
1 28044
1 28005
1 27177
0 28062
1 27491
1 27579
0 27661
0 27503
1 27993
0 27869
0 27412
0 27502
1 27638
1 27173
0 27756
1 27278
1 27506
1 27532
0 27724
0 27827
1 27368
1 28031
0 27246
0 27794
1 27537
1 28119
1 27378
1 27570
0 27124
1 27874
0 27878
0 27453
1 27735
0 27789
1 27308
1 27174
0 27735
0 27768
1 27816
0 27404
1 27665
0 27646
1 27516
1 27595
0 27771
1 27462
1 28010
1 27636
1 27428
1 27659
0 27663
1 27977
1 27770
1 27448
0 27658
0 27637
0 27189
1 28072
0 27386
1 27457
1 27170
1 27805
0 27433
1 27728
1 27681
0 27670
0 27880
0 27836
1 27316
0 27482
0 27491
0 27816
1 27262
0 27463
0 28003
0 27796
0 27541
1 27600
0 27150
1 28011
1 27275
0 27603
1 27563
1 27791
0 27821
1 27264
0 28017
1 27587
1 27484
0 27669
1 27588
1 27851
0 27716
0 27344
1 27794
0 27352
1 27613
0 27885
0 27535
0 27566
1 27642
1 27670
1 28004
1 27288
0 27247
0 27807
1 27893
0 27704
0 27650
0 27930
0 27924
0 27537
1 27561
0 28050
1 27508
1 27914
0 27713
0 27720
1 27422
0 27552
1 27363
0 27440
0 27608
1 27630
1 27867
1 27875
0 27546
0 27339
0 27599
1 27678
1 27659
1 27171
1 27820
1 27584
1 27698
1 27737
0 27291
1 27527
0 27229
0 27830
1 27892
1 27563
1 27505
1 27273
0 27584
1 28135
1 27836
0 27408
1 27544
0 27325
1 27616
1 27454
1 27443
1 28099
1 27291
1 27841
1 27667
1 27685
0 27761
0 27644
1 27069
0 27964
0 28196
0 27725
0 27563
1 27991
0 27547
0 27699
1 27556
1 27222
1 27787
1 27590
1 27432
1 27998
0 27700
0 27221
0 27610
0 27201
1 27487
0 27409
1 27421
0 27182
0 27311
1 27343
0 27546
1 27810
0 27816
0 27385
1 27778
1 28074
1 28200
1 27278
1 27476
1 27480
0 27134
0 27712
1 27345
1 27852
1 27623
1 27258
1 27609
1 27627
0 27153
1 28110
0 27613
1 27688
1 27735
1 27705
0 27423
1 27338
0 27497
1 27755
0 27659
1 27583
1 27904
1 27283
1 27341
0 27485
0 27207
1 27766
1 27596
1 27712
0 27241
1 27406
1 27418
1 27815
0 27809
1 27844
0 28415
1 27899
1 27538
0 28050
1 27650
0 27426
1 27643
0 27599
0 27691
1 27361
0 27254
0 27170
1 27722
1 27442
0 27700
1 27445
0 27419
0 27619
1 27379
0 27603
0 27003
1 27097
1 27382
0 27703
1 27694
0 27223
0 27510
1 27675
0 27442
1 27948
1 27799
1 27413
1 27679
1 27350
1 27404
0 27619
1 27834
1 27594
1 27787
0 27653
1 27964
1 27844
1 27420
1 27809
1 27734
0 27795
1 26872
0 27833
0 27288
0 27594
0 27743
1 27143
0 27035
0 28002
0 27638
0 28682
1 28005
1 27618
0 27669
0 27749
1 27458
0 27453
1 27331
0 27422
0 27805
1 27731
1 27569
0 28213
1 27872
1 27914
0 28005
1 27992
1 27780
0 27456
1 27278
0 27905
0 27878
0 27568
1 27610
1 27748
1 27551
0 27477
1 27732
0 27404
1 27829
0 27887
1 27972
1 27385
0 27078
0 27395
1 27869
0 28323
1 27718
1 27295
1 27525
0 27258
1 27481
1 27383
0 27728
1 27720
0 27358
1 27455
1 27360
0 27423
0 27495
1 27318
1 27413
1 27784
0 27265
0 27255
1 28023
0 27595
1 27464
1 27637
1 27219
0 27409
0 27381
1 27147
0 27558
1 27488
0 27171
0 27686
1 28021
0 27211
0 27851
1 27798
0 27418
0 28120
0 27363
1 27748
0 27577
1 27718
1 27439
0 27577
0 27910
0 27979
1 27259
1 27729
1 27806
0 27873
0 27698
1 27729
0 27649
0 27899
0 27815
0 27365
1 27381
1 27873
1 27230
1 27880
0 27799
0 27746
0 27755
0 27368
0 27435
0 27179
0 27556
1 27727
1 27623
1 27958
1 27801
1 27899
1 28069
1 27582
0 27267
1 27363
0 27946
0 27636
1 28132
0 27483
0 27972
0 27555
1 27612
1 27290
1 27796
0 28368
0 27509
0 27671
0 27603
0 27863
0 27813
1 27694
0 27155
1 27452
0 27219
1 27485
0 27756
0 27697
1 27705
1 27929
0 27673
1 28494
1 28334
1 28905
1 28084
0 28330
1 27957
0 27756
0 27143
1 27505
0 27401
1 27303
0 27806
0 27179
1 27691
0 27821
1 27766
0 27491
1 27454
0 27574
0 27729
0 27222
1 27333
1 27493
1 27618
0 27939
1 27937
0 27396
1 27696
1 27483
0 28089
1 27730
1 27434
0 27879
1 27583
1 27538
0 27561
1 27991
0 27698
1 27067
1 27984
1 27266
1 27742
0 27565
0 27463
1 27487
1 27860
0 27951
0 27971
0 27496
0 27250
1 27735
1 27515
0 27552
1 27229
1 27484
1 27514
1 27649
1 27755
0 27655
1 27308
0 27587
0 27710
1 27769
0 27730
0 27506
1 27862
1 27881
0 27655
1 28091
1 27359
0 27729
1 27789
1 28023
1 28042
1 27375
1 27324
1 27373
0 27473
0 27589
0 27855
1 27760
1 27561
1 27460
0 27772
1 27475
1 27918
1 27330
0 27313
1 27599
0 27480
0 27787
1 27733
1 27394
1 27164
0 27414
0 27817
1 27834
0 27910
1 27595
1 27455
0 27838
0 27746
0 27603
0 27975
0 27334
0 27610
0 27378
0 27660
1 27678
1 27719
0 27645
0 27410
1 27206
0 27580
1 27551
0 27240
0 27194
1 27703
1 27899
1 27476
0 27342
0 27607
1 27740
0 27626
0 27382
0 27508
1 27735
1 27126
1 27138
1 27446
1 27500
0 27452
0 27753
0 27403
1 27785
1 27560
1 27065
0 27441
1 27562
0 27891
0 27505
0 27394
1 27691
1 27627
1 27015
1 27287
0 27704
0 27534
0 27394
0 27662
0 27199
1 27169
1 27470
0 28073
1 27465
1 27803
1 27330
1 27800
1 27233
1 27547
0 27390
1 27422
0 27660
1 27627
1 27141
0 27490
0 26978
1 27765
1 27604
0 27766
0 27721
1 28029
1 28048
0 27354
1 27786
1 27666
1 27412
0 27693
0 27513
0 27480
1 27319
0 27653
0 27292
1 27596
1 27310
0 27738
1 27733
0 27431
1 28055
1 27344
0 27966
0 27687
0 27227
0 27840
0 27778
0 27599
1 27742
1 27456
0 27636
0 27514
0 27320
0 27650
0 27902
0 27876
1 27596
0 28017
0 27602
1 27257
1 27338
0 27942
0 27491
1 27717
1 27525
0 27378
1 27247
1 27640
1 27159
0 27825
0 27399
1 27585
0 27854
0 27614
0 27683
1 27904
1 27672
0 27661
0 27671
1 27844
0 27893
0 28001
0 27633
0 27639
1 27604
1 27731
1 27846
1 27793
0 27451
1 27646
0 27709
0 27717
0 27844
1 27961
0 26940
0 27443
0 27783
1 27776
0 27476
1 27453
0 27422
0 27621
1 27850
1 27506
1 27360
1 27477
0 27619
1 27167
0 27684
1 28310
1 27583
1 26979
0 27338
1 27580
0 26722
0 27398
1 27354
1 27477
1 27639
1 27444
1 27345
0 27803
0 27268
0 27207
0 27616
0 27525
1 27630
0 27472
0 27518
0 27852
0 27444
1 27860
1 27434
0 27897
1 27514
1 27148
0 27520
0 27868
1 27451
1 27239
1 28057
0 27881
0 27564
0 27421
0 27244
1 27527
0 27426
0 27793
1 27686
0 27693
0 27789
1 27443
1 27774
0 27579
0 27587
0 27791
1 27362
0 28018
1 27224
0 27580
0 27141
0 27681
0 28142
0 27564
0 27410
0 27547
1 28110
1 27380
0 27460
1 27776
0 27529
0 27629
0 27840
1 27769
1 27748
1 27304
1 28098
0 28049
1 28155
0 27275
1 28097
0 27231
0 27188
1 28051
1 27505
0 27804
1 27566
1 27641
1 28010
1 27535
0 27550
0 27340
1 27453
1 28029
0 27718
0 27371
1 27812
0 27386
0 27838
0 27585
0 27950
1 27836
1 27753
0 27414
1 27745
1 27875
0 28391
0 27548
1 27387
0 27643
1 27298
1 27656
0 27258
0 27313
0 27274
0 27691
1 27627
0 27685
1 27948
0 27147
0 27760
0 27380
1 27022
0 27596
1 27431
0 27881
1 27500
1 27878
1 27704
1 27512
0 28023
1 27734
1 27117
0 28132
0 27603
0 27889
0 27484
1 27531
1 28144
0 28062
1 27723
1 27136
1 27120
0 27613
0 27973
0 27792
1 27660
1 27302
1 27522
1 27509
0 28038
0 28034
1 27757
0 27607
0 27624
1 27742
0 28039
0 27824
1 27702
0 27713
0 27487
0 27329
0 27573
1 27556
1 27594
1 27642
0 27574
0 27315
0 27206
0 27650
0 27166
0 27662
0 27546
0 27290
1 27757
1 27520
1 27505
1 27249
1 27859
1 27310
0 27937
0 27623
0 27985
0 27621
0 27309
1 27427
0 27573
1 27267
1 27278
0 27273
0 27972
0 27590
1 27357
0 27966
0 27653
1 27688
0 28025
1 28115
0 27639
1 27388
0 27547
1 27445
0 27844
1 27643
0 27727
0 27733
0 27284
0 27438
1 27209
0 27994
0 27844
0 27959
0 28056
0 27874
1 27522
1 28069
0 27850
0 27533
1 27906
0 27822
1 27430
0 27925
0 27888
1 27373
1 26837
1 27557
1 27419
1 27251
0 27677
0 27586
1 27791
1 27855
1 27647
1 27656
0 27692
0 27479
0 27622
1 28028
0 27442
0 27309
0 27445
1 27513
1 27640
1 27583
0 27558
1 27585
1 27428
0 28026
0 27502
1 27732
1 27835
0 27518
1 27651
0 27698
0 27247
1 27908
1 27656
0 27614
1 27329
0 27251
0 27809
0 27770
0 27689
0 27794
0 27638
1 27366
1 28127
1 27826
1 27335
0 27917
1 27474
1 27687
1 27478
1 27261
1 27526
0 27941
0 27699
0 27284
1 27680
1 27571
0 27079
0 27838
1 27306
0 27772
1 27477
0 27665
1 27400
1 27888
0 27770
1 27927
0 27504
1 27306
0 27155
0 27491
0 27878
1 27556
0 27768
0 27928
0 27514
1 27357
0 27384
0 27665
1 27502
0 27705
0 27659
1 27502
1 28017
1 27833
0 27460
0 27733
0 27833
0 27806
1 27606
0 27456
1 27338
1 27111
1 27847
1 27139
0 27396
0 27929
0 27256
1 27710
0 27967
1 27230
0 27650
1 27330
0 27674
0 27803
1 27470
1 27950
0 27922
0 27639
0 27734
0 27643
1 28240
1 27731
0 28210
1 27445
0 27473
0 27696
0 27546
1 27724
1 27896
0 27245
0 27170
1 27566
1 27572
0 27628
0 27731
0 27809
0 27523
1 27221
0 27935
1 27730
1 27402
0 28015
0 27663
0 27862
1 27687
0 27424
0 27561
0 27966
1 27477
1 27346
1 27308
1 28132
0 27312
0 27937
1 27063
1 27610
1 27617
1 27867
1 27985
1 27835
0 27688
0 27711
0 27700
0 27337
1 27206
1 27629
1 27562
0 27673
1 27727
1 27750
1 27187
1 27865
0 27444
0 28126
1 28249
0 27685
1 27555
0 27435
1 27573
1 27154
1 27604
1 27654
1 27517
0 27449
0 27540
1 27549
0 27414
1 27693
1 27814
0 27256
1 27812
1 27029
1 27468
0 27893
0 26980
1 27275
0 27692
1 27613
1 27423
0 27370
1 27663
1 27575
1 27357
0 27660
0 27210
1 27591
1 27788
0 27928
0 27690
1 27781
0 27708
0 27163
1 27482
0 27041
1 27665
0 27144
0 27616
0 27446
0 27650
1 27712
1 27610
1 27411
1 27646
1 27264
0 27851
0 27874
0 27614
0 27327
0 27778
0 27250
1 27937
0 27776
0 27681
1 27492
1 27627
1 27353
1 27712
1 28127
0 27472
1 27384
1 27591
1 27171
0 27521
1 27240
0 27448
1 28104
1 27537
1 27210
0 27336
0 27594
1 27333
1 27806
0 27668
1 27674
1 27792
0 27625
1 27588
0 27602
1 27754
0 27511
1 27582
1 27508
0 27423
0 27572
0 27256
0 27581
0 27615
0 27341
1 27836
1 27538
0 27865
1 27556
1 27885
0 27015
0 27483
0 27666
0 27966
0 28101
1 27241
1 27229
1 28113
1 27264
1 27461
1 27635
0 27485
0 27676
0 27402
0 28273
1 27752
0 27023
1 27927
0 27993
0 27942
0 27942
1 27169
1 27729
0 27897
1 27736
1 27729
0 27770
1 27501
0 27882
0 27675
0 27624
1 27421
1 27511
1 27492
0 27521
0 27613
1 27524
1 27755
1 28013
0 27284
1 27659
1 27640
1 27654
0 27512
0 27468
0 27594
1 27860
1 27378
0 27209
0 27805
0 27753
0 27447
0 28368
1 27360
1 27514
0 27716
1 27706
0 27372
1 27246
0 27968
1 27630
0 27129
1 27977
0 27862
0 27534
0 27635
1 27327
1 27983
0 27269
1 27938
0 27566
1 27161
1 27353
0 27740
0 27416
0 27419
1 27620
0 27502
0 27628
0 27446
1 27670
0 27844
1 27506
1 27876
0 27702
1 27921
0 27996
0 27472
0 27858
0 27768
1 27210
1 27187
1 27336
1 27630
0 27865
1 27382
1 27157
0 27767
1 27442
0 27710
1 27642
0 27896
0 27308
1 27902
1 27904
0 28001
1 27723
1 27435
1 28069
0 27616
0 27368
0 27742
1 28228
1 27705
0 27473
0 27672
1 27585
1 27255
1 27716
1 27429
1 27686
0 27375
1 27857
1 27698
0 27750
0 27576
1 27385
0 27477
1 27742
1 27339
0 27729
1 27409
0 27865
1 27962
0 27582
0 27701
0 27748
0 27554
0 27246
1 26988
1 27943
0 27793
0 27845
0 27237
0 27259
1 27926
1 27886
0 27145
1 27665
0 27996
0 27636
1 27802
1 27450
0 27376
0 27603
0 27996
1 27575
0 27611
0 27807
0 27802
1 27524
1 27509
0 27591
0 27675
1 28304
1 27653
0 27480
1 27475
0 27443
1 27666
1 27849
1 27214
0 28198
0 27748
0 27390
1 27678
0 27848
0 27499
1 27629
0 27196
1 28064
0 27555
1 27447
1 27575
0 27479
0 27582
1 27807
0 27766
1 27433
0 26999
1 27822
1 27495
0 27831
1 28379
1 27708
0 27508
1 27607
0 27667
0 27586
1 27544
0 27737
0 27793
1 27395
0 27766
1 27848
0 27399
0 28033
0 27352
1 28063
0 27710
0 27171
0 27468
0 27452
0 27187
0 27659
1 27990
1 27428
0 27444
0 27607
1 27630
1 28029
1 27401
0 28123
0 27806
1 27865
0 28020
0 27729
1 27731
1 27713
1 27481
1 27317
0 27591
1 27485
1 27449
1 27523
1 27939
0 27561
1 26974
1 27534
1 27601
0 27676
0 27482
0 27715
1 27818
1 27517
1 27867
1 27990
1 27488
1 27642
1 27682
1 27232
1 27258
1 27564
0 27680
1 27617
1 27729
1 27680
0 27262
1 27831
1 27548
0 27593
0 27914
1 27067
0 27752
0 28172
1 28438
1 28395
0 27905
1 27751
1 28153
0 27580
1 27744
0 28154
1 27532
1 27644
0 28100
1 27374
0 27697
0 27761
1 27650
0 27777
0 27533
0 27752
0 27371
0 27634
0 27723
0 27552
0 27122
1 27540
0 27604
1 27384
0 27577
1 27617
1 27361
0 27595
1 27625
1 27347
0 27974
0 27334
0 27316
0 27898
1 27833
0 27788
1 27604
1 27582
0 27988
0 27628
1 27921
1 27964
1 27449
0 27744
0 27899
0 27981
1 27146
1 27439
1 27562
0 27520
0 27304
1 27479
0 27164
0 27603
1 27658
1 27617
0 27735
1 27623
0 27566
0 27545
1 27454
1 27709
1 27931
0 27824
0 27219
1 27187
1 28002
0 27842
1 27728
1 27537
1 27283
0 27388
1 27582
1 27339
1 27943
1 27829
1 27700
1 27165
1 27978
1 28057
0 27832
1 28004
1 27678
1 27770
0 28032
1 27868
1 27471
1 28829
1 27856
1 28231
1 27169
0 27680
1 27727
1 27644
1 27221
1 27347
0 27357
0 27466
0 27040
0 27306
0 27960
1 27615
1 27590
0 27349
1 27639
1 27268
0 28150
1 27334
1 27138
1 28007
0 27623
0 27484
1 27588
0 27489
0 27707
0 27495
1 27765
1 27642
0 28055
1 27608
1 28053
0 27523
0 27632
1 27774
1 27941
1 27623
1 27916
0 27921
0 27503
1 27404
1 27724
1 27785
1 27360
0 27524
0 27720
1 27744
0 27310
0 27375
0 27254
1 27829
0 27875
1 27675
0 27534
0 27530
0 27514
0 27769
1 27702
0 27558
0 27320
0 27673
1 27635
0 27713
0 27385
0 28035
0 27873
0 27649
0 27192
1 27903
1 27629
1 27939
1 27335
1 27839
1 28239
1 27691
0 27723
1 27669
1 27645
0 27498
0 27619
0 27819
0 27888
1 27477
0 27290
1 27189
0 27289
0 27798
0 27315
0 27794
1 27501
1 27891
1 27851
1 27727
0 27639
0 27929
1 28158
0 27929
1 27917
0 27823
0 27337
1 27463
1 27579
0 27695
0 27632
1 27853
0 27596
1 27680
1 27560
0 27566
0 28028
0 27510
0 27264
1 27736
0 27799
1 27634
0 27596
1 27702
0 27634
1 27587
0 27903
1 27666
0 27339
1 27795
1 27510
1 27241
0 27606
1 27341
0 27328
1 27586
1 27636
1 27332
1 27436
1 27699
0 27780
0 27596
1 27486
1 27604
1 27534
0 27669
1 27571
0 27568
1 27363
0 27850
1 27624
1 27501
0 27359
0 27507
1 27478
0 27360
0 27786
1 27699
0 27569
1 27655
1 27721
0 27466
0 27682
0 27194
1 27126
1 27791
0 27846
1 27693
0 27913
1 27996
1 27245
1 27330
0 27387
1 27622
0 27510
0 27723
0 27596
0 28074
0 27390
1 27583
1 27277
0 27996
1 27808
0 28001
1 27593
1 27441
1 27865
0 27748
1 27446
0 27403
1 27840
1 27691
0 27889
0 27598
1 27451
0 27545
0 28121
0 27138
0 27511
1 27363
0 27347
0 27334
0 27688
0 27882
0 27371
1 27856
1 27979
0 27257
0 27446
0 27269
0 26904
0 27602
1 27700
0 27299
1 28102
1 27677
0 27338
0 27560
1 27805
1 27256
1 27447
1 27036
1 28011
0 27802
0 27694
1 27541
1 27803
1 27741
1 27525
0 27781
0 27696
0 27924
1 27462
1 27409
1 28499
1 27483
1 27872
0 27646
0 28337
0 27735
1 27585
1 27685
1 27282
0 27478
0 27605
1 27556
0 27400
1 27765
0 27480
0 27339
1 27620
1 27711
0 28007
0 27586
0 27375
1 27837
0 27514
1 27609
0 27575
0 27314
0 28033
1 27123
0 27979
1 27369
1 27010
0 27924
1 27581
1 27389
1 27405
0 27351
0 27688
0 27803
0 27724
0 27578
1 27735
1 27852
0 27366
0 27469
1 27424
0 27727
0 27035
0 27729
0 27550
1 27533
1 27413
1 27203
0 27510
0 27118
1 27149
1 27806
0 27108
1 27485
1 27422
1 27555
1 27148
1 27248
0 27597
1 27255
1 27423
1 27244
0 27330
0 27422
0 27590
1 27667
1 27319
0 27518
1 27601
0 27778
1 27318
1 27562
1 27316
0 28000
0 27843
0 27833
1 27531
0 27530
1 27689
0 27467
0 27196
1 27768
0 27822
1 27870
1 27752
0 27297
1 27445
1 27591
0 27797
0 27502
1 27949
0 27930
0 27788
0 27486
1 28111
1 27805
0 27497
1 27771
0 28072
0 27563
0 27947
1 27516
1 27525
1 27331
0 27863
0 27386
0 27536
0 27335
0 27838
0 27885
1 27569
1 27654
1 27366
0 27847
1 27485
1 27470
1 27144
1 27968
0 27759
0 27935
0 27408
0 27620
1 27531
0 27265
0 27792
1 27236
0 27894
1 27448
1 27433
0 27810
1 27710
1 27365
0 27610
1 27641
1 27673
1 27776
0 27746
0 27732
1 27839
1 27706
0 27678
1 27308
1 27359
0 27815
1 27857
1 27298
0 28041
1 27698
1 28061
1 27659
1 27381
1 27492
1 28195
1 27767
0 27688
0 27431
0 27433
1 27348
0 27480
0 27303
0 27564
0 27608
0 27915
1 27960
0 27384
0 27861
0 27596
0 27975
0 27626
0 26778
0 27710
1 27425
0 27849
1 27530
0 27466
0 27404
1 27523
1 27884
1 27350
0 27344
0 27859
1 27110
0 27337
0 27168
1 27543
1 27796
1 27536
0 27133
1 27517
0 27440
0 27716
1 27471
0 27383
1 27701
1 27448
1 27113
1 27426
0 27136
0 27487
0 27004
1 27573
0 27589
0 27367
1 27450
0 27706
1 27842
0 27208
0 27338
1 27797
0 27578
1 27648
0 27543
0 27465
0 27274
1 27594
1 27152
0 27814
1 27781
0 27470
1 27433
1 27319
1 28029
1 27628
0 27268
0 27417
1 27590
0 27569
0 27110
1 27771
0 27802
1 27595
1 27586
1 28269
0 27665
1 27131
0 27307
0 27707
1 27033
1 27499
0 27216
0 27529
0 27355
0 27395
0 27772
1 27627
0 27513
0 27389
1 27545
1 27754
1 27372
1 27916
1 28037
0 27642
1 27662
0 27445
1 27602
1 27548
1 28111
0 27670
1 27378
0 27656
0 27624
0 27424
0 27726
1 27431
0 27827
1 27086
0 27791
0 27094
0 27933
1 27090
0 27052
1 27288
0 27125
1 27897
1 27425
0 27677
0 27379
1 27350
0 27011
0 27427
1 27624
0 27659
1 27649
1 27464
1 27697
1 27789
0 28012
1 27059
0 27816
0 27323
1 27424
1 27722
1 27343
0 27544
1 27250
1 27840
1 27306
0 27910
0 27669
0 27988
1 27276
1 27673
0 27901
0 27811
1 27001
0 27333
1 27119
0 27560
1 27591
0 27622
0 27664
1 27625
1 27419
0 27656
0 27534
1 27599
1 27262
1 27396
0 27505
0 27844
0 27754
0 27199
1 27488
1 27255
1 28135
1 27618
1 27209
1 27771
1 27679
0 27714
0 27594
1 27736
1 27316
1 27480
0 27734
1 27314
1 27967
1 28053
1 27607
1 27625
0 28261
0 27539
1 27247
1 27387
1 27855
0 27547
1 27839
1 27628
0 27567
0 27263
1 27466
0 27858
1 27341
1 27479
0 27596
0 27339
1 27354
0 27871
0 27598
1 27714
1 27346
0 27648
1 27994
1 26846
0 27585
1 27565
0 27577
0 27245
1 27569
0 27373
0 27610
0 27406
1 27558
1 27562
0 27642
1 27326
0 27932
1 27321
0 27184
0 27722
0 27700
0 27082
1 27309
1 27513
0 27551
0 27330
0 27716
0 27556
1 27787
1 27719
1 27612
1 27331
0 27579
1 27370
0 27432
0 27352
1 27733
1 27783
1 27420
1 27691
0 27565
1 26908
1 27509
0 27317
1 27000
0 27410
0 27711
0 27740
0 27716
1 28076
1 27466
0 27561
0 27107
1 27459
0 27541
1 27275
0 27590
1 27740
1 27645
0 27538
1 27494
1 27842
1 27790
1 27461
1 27651
0 27455
0 27649
0 27444
0 27277
0 27366
0 27305
1 27388
0 27224
0 27154
0 27811
0 27252
0 27694
1 27505
0 27336
1 27277
0 26827
0 27417
0 27873
1 27326
1 27758
1 27680
0 27758
0 27393
1 27237
0 27415
0 27553
0 27455
0 27536
0 27483
0 27294
0 27416
1 27405
1 27910
1 27578
0 27734
0 27867
1 27916
0 27537
0 28092
0 27207
1 27395
1 27308
1 27322
1 27253
0 27196
0 27490
0 27351
0 27172
1 27456
1 27128
0 27690
0 27602
0 27489
1 27803
0 27825
1 27381
0 27845
1 28028
0 27681
1 27471
0 27474
1 27261
1 28224
0 27980
0 27839
0 27411
0 27358
0 27817
1 27865
1 27509
1 27682
1 27358
1 27497
0 26873
0 27244
1 27618
1 27430
1 27385
0 27151
1 27620
1 27682
1 28020
0 26992
0 27579
1 27540
0 27685
0 27541
1 27956
0 27379
1 27501
1 27201
0 26942
0 27362
0 27305
1 27396
1 27487
1 27367
0 27677
0 27563
0 27259
0 27693
0 27287
0 27308
1 27790
1 27218
1 27902
1 27251
1 27047
0 27514
0 27434
0 27753
0 27461
0 27180
1 27377
0 27568
0 27054
0 27582
1 27350
0 27484
0 27715
0 27431
1 27265
1 27362
1 27484
0 27894
1 27628
1 27865
0 27471
1 27503
0 27915
1 26858
0 27778
1 27466
1 27328
0 27645
0 27408
1 27441
0 27456
0 27852
0 27591
1 27439
1 27537
0 27549
0 27570
0 27340
1 27736
0 27722
1 27531
1 27245
1 27704
0 27358
0 27440
1 27416
0 27537
0 27865
0 27693
1 27628
0 27201
0 27521
1 26985
1 27657
0 27625
0 27749
0 28117
0 27480
0 27342
1 27311
1 27172
1 27737
0 27147
0 27799
0 26988
1 27118
1 27084
1 27459
0 27550
1 27776
0 26930
0 27679
0 27714
1 27217
0 28096
1 27489
1 27139
1 27566
1 27619
1 27066
1 27680
0 28523
0 27668
1 27289
1 27422
1 27141
1 27475
0 27813
1 27912
0 27123
0 27939
1 27891
0 27982
1 27602
0 27505
1 27566
1 27623
1 28185
0 27786
0 27319
1 27971
1 27847
0 27275
0 27726
1 27515
1 27605
1 27622
0 28201
1 27191
1 27513
0 28074
0 27439
0 28168
1 27512
0 27000
0 27707
1 27302
0 27999
1 27968
1 27520
1 27888
0 27566
1 27761
1 27493
1 27316
1 27394
1 27442
1 27531
1 27338
0 27341
1 27629
1 27465
1 27451
0 27514
1 27379
1 28452
0 27561
1 28098
0 27719
0 27432
1 27189
1 27270
1 27196
0 28124
1 28440