(1,28955)
(0,29064)
(0,28725)
(1,29315)
(1,29125)
(1,29304)
(1,28795)
(1,29182)
(0,28852)
(1,29351)
(0,28776)
(1,28747)
(1,28946)
(1,29041)
(1,29073)
(0,29221)
(0,29232)
(0,29130)
(1,28826)
(1,28971)
(0,28441)
(1,29168)
(0,28961)
(1,28777)
(1,28877)
(0,29434)
(0,29361)
(0,28680)
(0,28505)
(1,28759)
(1,29096)
(1,29176)
(0,28677)
(0,28663)
(1,28769)
(0,29132)
(0,28429)
(1,29440)
(0,28716)
(1,28996)
(0,29412)
(1,29050)
(1,28903)
(0,28619)
(1,29273)
(1,29199)
(1,29101)
(1,29298)
(1,29244)
(1,29038)
(1,28939)
(0,28805)
(1,28839)
(0,29247)
(0,28804)
(1,29117)
(1,29523)
(1,28820)
(0,28976)
(1,28932)
(1,28695)
(1,29281)
(1,29261)
(1,29286)
(0,28781)
(1,29188)
(0,29257)
(0,28612)
(0,28785)
(0,28867)
(0,28396)
(1,28912)
(0,28848)
(1,28911)
(0,29120)
(1,29484)
(1,29099)
(0,29058)
(1,29321)
(1,28916)
(0,28337)
(1,29130)
(0,29299)
(0,28985)
(0,29163)
(1,29151)
(1,29270)
(0,29229)
(1,29103)
(0,29258)
(0,28793)
(0,28858)
(0,29029)
(0,28641)
(0,28468)
(0,28332)
(1,29394)
(1,29079)
(1,28872)
(0,28811)
(0,28848)
(0,28648)
(0,28810)
(0,28891)
(0,29079)
(1,29424)
(0,29260)
(1,28878)
(0,28512)
(0,28509)
(1,29263)
(1,29069)
(0,28999)
(1,28989)
(0,28162)
(1,29142)
(1,28823)
(0,29115)
(0,28359)
(0,28935)
(0,28565)
(0,28858)
(1,29092)
(1,28885)
(1,29346)
(0,29177)
(0,29164)
(1,29120)
(0,28925)
(0,27947)
(0,28097)
(0,28414)
(0,28359)
(1,29083)
(1,29083)
(1,28835)
(1,29185)
(0,28770)
(1,29200)
(0,29034)
(1,29041)
(0,28857)
(0,28497)
(0,28810)
(0,28444)
(0,28438)
(0,28587)
(0,28755)
(1,29506)
(1,28962)
(1,28827)
(0,28576)
(0,28481)
(1,29078)
(1,29291)
(1,29368)
(0,28958)
(0,29120)
(1,28889)
(0,29172)
(0,28573)
(1,29196)
(1,28780)
(1,29177)
(1,29098)
(1,29031)
(1,28815)
(0,28682)
(0,28493)
(0,29145)
(1,28835)
(0,28440)
(1,29487)
(1,29012)
(1,28711)
(0,29248)
(0,29431)
(0,28756)
(1,29792)
(0,28984)
(0,29119)
(0,28459)
(0,28955)
(0,28639)
(0,28581)
(0,28332)
(0,28640)
(0,28709)
(1,29247)
(0,28837)
(1,28621)
(0,29137)
(0,28402)
(1,29002)
(0,28784)
(1,29206)
(1,29459)
(1,28393)
(0,28777)
(0,28683)
(0,28668)
(0,29181)
(1,29250)
(0,28643)
(0,28580)
(1,29229)
(1,29205)
(1,28937)
(0,28615)
(1,29086)
(1,28392)
(1,28848)
(0,29464)
(0,28632)
(0,28818)
(0,28779)
(1,29245)
(1,29095)
(1,29243)
(1,29009)
(1,28889)
(1,28903)
(1,29451)
(0,28773)
(1,28715)
(0,29059)
(0,29054)
(1,29221)
(0,29436)
(1,28911)
(0,29123)
(1,29497)
(1,29240)
(0,29365)
(0,28656)
(0,28936)
(0,28650)
(0,28956)
(1,28736)
(1,29127)
(1,28672)
(1,29055)
(1,28554)
(0,28666)
(0,28758)
(1,29350)
(1,29117)
(0,28489)
(1,29001)
(1,28974)
(0,29021)
(1,28932)
(1,28790)
(0,28916)
(1,28960)
(1,29041)
(0,28863)
(0,28579)
(1,28845)
(1,29074)
(1,29091)
(0,29361)
(0,28404)
(1,29101)
(1,29128)
(1,28943)
(0,28902)
(0,28981)
(1,29064)
(0,29171)
(0,28987)
(1,29010)
(0,29039)
(1,29083)
(0,29127)
(1,29425)
(1,29213)
(1,28908)
(0,28870)
(1,29024)
(1,29146)
(0,28776)
(0,28576)
(0,28582)
(1,29294)
(0,29330)
(0,29094)
(0,28942)
(1,29629)
(1,29015)
(1,29266)
(1,29121)
(0,29008)
(0,29352)
(1,29092)
(1,29066)
(0,28593)
(1,29287)
(0,28543)
(0,28819)
(0,28614)
(0,28696)
(0,28661)
(0,28331)
(0,28713)
(0,28842)
(0,28745)
(0,28812)
(0,28518)
(0,28301)
(0,28405)
(0,28402)
(1,28629)
(1,29311)
(1,29366)
(1,29000)
(0,28989)
(1,28919)
(1,29481)
(1,28982)
(1,29281)
(1,29218)
(1,28941)
(0,28453)
(0,28514)
(0,28547)
(0,28842)
(1,29239)
(0,28906)
(0,29163)
(1,29031)
(1,29548)
(1,28770)
(0,28549)
(0,28887)
(0,28775)
(1,28716)
(0,29203)
(1,29081)
(0,28978)
(1,28581)
(0,28935)
(0,28812)
(1,28811)
(1,29244)
(0,29115)
(1,28840)
(0,29170)
(0,28834)
(1,29284)
(0,28787)
(0,28800)
(1,29157)
(1,28891)
(0,28643)
(0,28141)
(0,29036)
(1,29238)
(1,28869)
(1,28802)
(0,28811)
(1,29297)
(1,29137)
(0,29039)
(0,28706)
(1,29248)
(1,29108)
(1,28762)
(0,29209)
(1,28788)
(0,28753)
(0,28412)
(1,28795)
(1,29173)
(0,28879)
(1,29149)
(1,28825)
(0,29022)
(0,28563)
(0,28894)
(1,29098)
(0,28770)
(0,28582)
(1,28908)
(0,29032)
(1,28513)
(1,29250)
(1,29514)
(1,29186)
(1,29300)
(1,28961)
(1,28664)
(1,29030)
(1,29017)
(0,28803)
(0,28774)
(1,29134)
(1,29013)
(0,28834)
(0,28589)
(1,29263)
(0,28829)
(1,29122)
(1,29657)
(0,29333)
(0,28981)
(1,28891)
(0,29239)
(0,28992)
(1,28956)
(0,28546)
(0,28922)
(0,29106)
(1,28971)
(0,28657)
(1,29577)
(1,29318)
(0,28737)
(1,29018)
(1,29464)
(0,29137)
(1,28754)
(1,29146)
(0,28988)
(1,29011)
(1,28892)
(0,29027)
(0,28863)
(1,28543)
(1,28932)
(1,28876)
(1,28985)
(0,28540)
(0,28801)
(0,28469)
(0,28745)
(1,28932)
(0,28537)
(1,28969)
(0,28427)
(0,28755)
(0,28914)
(1,29046)
(1,28845)
(0,28754)
(1,28621)
(1,29161)
(0,29455)
(0,28572)
(1,29570)
(1,29313)
(0,28895)
(1,29557)
(1,29145)
(1,28956)
(0,28700)
(1,29038)
(0,29358)
(1,29118)
(1,29351)
(1,28832)
(1,29199)
(0,29022)
(0,28487)
(0,28640)
(1,28870)
(1,28947)
(1,28968)
(0,28898)
(0,28718)
(0,28948)
(0,28911)
(1,29018)
(1,29051)
(0,29537)
(1,29151)
(1,28971)
(1,29125)
(0,29142)
(0,28916)
(1,28893)
(0,28882)
(1,29144)
(0,29173)
(1,28912)
(0,28754)
(1,29119)
(1,29019)
(1,28774)
(1,29454)
(0,28549)
(1,28889)
(1,29005)
(1,29109)
(1,28915)
(1,29218)
(1,29021)
(1,28931)
(1,29049)
(0,28849)
(0,28868)
(0,28866)
(1,28870)
(1,29392)
(0,28647)
(1,29080)
(1,29674)
(0,28755)
(1,28939)
(0,28437)
(0,28532)
(1,29037)
(0,28362)
(0,28503)
(0,28567)
(0,28719)
(1,29471)
(0,29562)
(0,28650)
(0,29388)
(0,29014)
(1,28986)
(0,28703)
(1,29142)
(1,28844)
(0,29177)
(1,28957)
(1,28959)
(1,29137)
(1,28949)
(1,29102)
(0,29441)
(0,28728)
(1,29188)
(0,28803)
(0,29422)
(1,29020)
(0,28696)
(1,29309)
(1,29077)
(0,28807)
(0,28460)
(0,28376)
(1,29090)
(0,29120)
(1,28535)
(0,29462)
(0,28490)
(1,28453)
(1,28825)
(1,29219)
(0,28813)
(0,28657)
(1,29040)
(0,28601)
(0,28881)
(0,28759)
(0,28905)
(1,28899)
(0,29352)
(0,28552)
(1,29352)
(0,28661)
(0,28618)
(1,29171)
(1,29246)
(1,29095)
(0,28707)
(1,28717)
(1,29117)
(0,28470)
(0,28628)
(1,29318)
(1,29566)
(0,28651)
(0,29204)
(0,28417)
(1,29386)
(1,29127)
(0,28696)
(1,29324)
(0,28440)
(1,28967)
(0,29099)
(0,28784)
(1,29562)
(0,28487)
(1,29368)
(0,28704)
(0,28379)
(1,29098)
(0,29171)
(0,28854)
(0,28966)
(1,28849)
(0,29057)
(0,28756)
(1,29049)
(1,29058)
(0,28927)
(1,29230)
(1,28794)
(1,28849)
(1,28992)
(1,29343)
(0,28757)
(0,28839)
(0,28817)
(0,29020)
(1,29377)
(1,29059)
(1,29128)
(0,29143)
(0,29036)
(0,29206)
(1,29193)
(0,28883)
(1,28531)
(1,29254)
(1,29152)
(0,28478)
(1,28949)
(0,29048)
(1,28720)
(0,28938)
(0,29251)
(1,29338)
(0,28972)
(0,28852)
(1,29154)
(1,29329)
(1,28902)
(1,29003)
(0,28934)
(1,28818)
(0,28741)
(1,29164)
(1,29475)
(1,29046)
(1,28863)
(1,29145)
(0,28893)
(1,29057)
(0,29020)
(1,29169)
(0,29102)
(0,28788)
(0,28602)
(1,29283)
(0,29192)
(0,29048)
(0,28385)
(1,29260)
(0,29429)
(1,28866)
(0,28613)
(1,29352)
(1,29208)
(1,28932)
(1,28844)
(1,29035)
(0,28681)
(1,29209)
(0,28805)
(1,28779)
(1,29082)
(1,28794)
(1,29195)
(1,28941)
(1,29610)
(1,29385)
(1,29073)
(0,28581)
(1,28915)
(0,29004)
(0,28394)
(1,29400)
(1,29290)
(1,29507)
(1,29255)
(1,28930)
(1,29148)
(0,28621)
(1,28713)
(0,28779)
(0,28616)
(0,28568)
(0,28564)
(0,28641)
(1,28855)
(0,28774)
(1,29228)
(0,28925)
(0,28864)
(0,28511)
(0,28963)
(1,28745)
(0,28367)
(0,28654)
(1,29051)
(0,28923)
(1,29536)
(0,29137)
(0,28787)
(1,28826)
(1,29254)
(1,28786)
(1,28893)
(0,28930)
(0,28791)
(1,29268)
(0,29570)
(0,28963)
(1,28916)
(0,28806)
(1,28806)
(0,29030)
(1,29009)
(0,28783)
(0,28768)
(1,29140)
(0,29151)
(0,28491)
(0,28394)
(1,28861)
(1,29241)
(1,28813)
(1,28872)
(0,29338)
(1,29188)
(0,28488)
(1,29404)
(1,28774)
(1,28725)
(0,28369)
(1,29207)
(1,29159)
(1,29292)
(0,28849)
(0,28517)
(0,29000)
(0,28466)
(1,28920)
(1,28790)
(0,28865)
(0,28700)
(1,29146)
(0,28687)
(1,28902)
(0,29536)
(1,29184)
(1,28877)
(1,29218)
(0,28833)
(1,29142)
(0,29459)
(0,28623)
(1,29040)
(0,28939)
(1,28929)
(1,28671)
(1,29146)
(1,29061)
(1,29173)
(1,28656)
(1,29236)
(0,29143)
(0,28546)
(1,28812)
(1,29225)
(1,28591)
(0,29670)
(0,28967)
(0,28574)
(0,28748)
(0,28461)
(1,29085)
(0,29106)
(1,28620)
(1,29150)
(1,28892)
(1,28885)
(0,28614)
(0,28927)
(0,28334)
(0,28714)
(1,28563)
(1,29387)
(0,28725)
(0,28803)
(1,29111)
(1,29315)
(1,29022)
(1,29485)
(1,28980)
(1,29288)
(1,29069)
(0,28910)
(0,28812)
(1,29499)
(0,28730)
(1,29034)
(0,28968)
(0,29009)
(0,29011)
(1,29364)
(1,29457)
(0,28566)
(0,28984)
(1,29143)
(1,29508)
(1,29117)
(1,29143)
(0,29154)
(0,28979)
(0,28490)
(1,28830)
(0,29126)
(0,28965)
(0,28817)
(1,28974)
(0,28859)
(0,28854)
(1,29356)
(0,29308)
(1,28872)
(0,29425)
(1,28761)
(0,28926)
(1,29032)
(1,28894)
(0,28752)
(1,29379)
(1,29244)
(1,28828)
(0,28914)
(1,29187)
(1,28866)
(0,29202)
(1,28897)
(1,28646)
(0,28979)
(1,29207)
(1,29011)
(1,28946)
(0,29132)
(0,28883)
(1,28838)
(1,28784)
(1,29027)
(0,29010)
(1,29124)
(0,28993)
(0,28621)
(0,28870)
(1,28715)
(0,29127)
(1,29192)
(1,28708)
(1,29203)
(1,29134)
(0,29193)
(0,28659)
(0,28777)
(0,28620)
(0,28993)
(1,28943)
(0,29538)
(0,28841)
(0,28588)
(0,28602)
(0,28747)
(1,28779)
(0,29030)
(0,28569)
(1,29534)
(1,29352)
(1,29336)
(1,29124)
(1,29198)
(1,29119)
(1,28856)
(0,28958)
(0,28620)
(0,29012)
(1,29052)
(1,28652)
(1,29164)
(1,28716)
(1,29199)
(1,29454)
(1,29044)
(0,29201)
(1,28762)
(0,28768)
(1,29240)
(0,29355)
(1,29144)
(1,29233)
(0,28665)
(0,29356)
(0,28564)
(1,29867)
(1,29050)
(0,28993)
(1,28876)
(1,29403)
(0,28524)
(1,29102)
(0,29049)
(1,29146)
(0,29079)
(0,28830)
(0,28751)
(1,29138)
(1,29126)
(0,28995)
(1,29134)
(1,29339)
(0,28407)
(0,28598)
(1,29177)
(0,28758)
(1,29136)
(1,29292)
(0,28805)
(0,29295)
(1,28898)
(0,28797)
(0,28723)
(0,28482)
(1,28726)
(1,29171)
(0,28881)
(1,28664)
(0,28927)
(0,29302)
(0,28826)
(0,29104)
(1,29192)
(1,29133)
(0,28787)
(0,28921)
(0,28583)
(1,29063)
(0,29130)
(0,29053)
(0,28517)
(1,29001)
(0,28635)
(1,28811)
(0,28356)
(0,28902)
(0,28732)
(0,28513)
(1,29342)
(1,29263)
(1,29276)
(1,28681)
(0,28905)
(0,29066)
(0,28513)
(1,29301)
(1,28684)
(1,29245)
(1,28898)
(0,28842)
(1,28853)
(0,28972)
(1,29026)
(1,29324)
(0,28821)
(0,28822)
(0,28612)
(1,28979)
(0,28770)
(1,29351)
(0,29086)
(1,29092)
(1,29278)
(1,28879)
(1,28962)
(0,29341)
(1,29633)
(1,29006)
(0,28767)
(1,29077)
(1,29127)
(0,29224)
(1,28852)
(1,30216)
(0,30219)
(0,29270)
(1,29034)
(0,29005)
(0,29011)
(1,29038)
(1,29077)
(0,28756)
(1,28990)
(0,28985)
(0,28636)
(0,28542)
(1,29103)
(1,28783)
(1,28966)
(1,28951)
(0,28655)
(0,28763)
(1,29029)
(0,28537)
(1,29198)
(0,29302)
(0,29374)
(1,29124)
(0,28875)
(1,29064)
(1,29239)
(0,28959)
(0,29245)
(1,29086)
(0,29077)
(1,29257)
(0,29325)
(0,28494)
(0,28783)
(1,29432)
(1,29190)
(1,29297)
(1,29262)
(1,28780)
(0,28793)
(0,28569)
(0,28572)
(0,28555)
(1,29096)
(0,28867)
(0,29399)
(0,29399)
(0,29011)
(1,29417)
(1,28959)
(0,29146)
(0,28900)
(0,29005)
(0,28695)
(1,29673)
(0,29055)
(0,28988)
(0,28860)
(0,29039)
(0,28735)
(0,27942)
(0,28831)
(1,29560)
(1,29243)
(0,29285)
(1,29233)
(1,28464)
(0,29315)
(1,28798)
(1,29098)
(1,29564)
(1,29629)
(1,29067)
(0,28613)
(1,29407)
(0,29267)
(0,28866)
(0,29238)
(1,29013)
(0,28800)
(0,28907)
(0,28810)
(1,28586)
(0,28923)
(1,29028)
(1,29335)
(1,29209)
(0,28689)
(0,28838)
(0,28615)
(1,28536)
(1,29116)
(0,29227)
(1,28988)
(0,28666)
(1,29044)
(0,29060)
(0,28748)
(0,28779)
(0,28889)
(1,29326)
(0,28694)
(0,28554)
(1,29214)
(1,29307)
(0,29045)
(0,28552)
(0,28179)
(1,28779)
(1,28896)
(1,29016)
(1,29473)
(0,29489)
(1,28844)
(0,28692)
(1,28961)
(1,29132)
(0,28935)
(0,29083)
(1,28783)
(0,28820)
(1,29283)
(1,28870)
(1,29202)
(1,28693)
(0,28832)
(1,29012)
(0,28695)
(0,28909)
(0,28969)
(0,28871)
(0,28641)
(1,29091)
(1,29173)
(0,28933)
(1,28893)
(1,29195)
(1,29517)
(1,29369)
(1,28981)
(1,29095)
(1,29163)
(1,29188)
(1,29138)
(0,29232)
(0,28878)
(1,29275)
(0,29036)
(0,28948)
(0,28920)
(0,28618)
(1,28536)
(0,28763)
(1,28998)
(1,29265)
(1,28977)
(0,28728)
(1,28879)
(0,28985)
(1,29224)
(0,28474)
(1,29324)
(0,28847)
(0,28914)
(0,28849)
(1,28816)
(0,28645)
(0,28944)
(0,28626)
(0,28528)
(0,29177)
(0,28465)
(1,29033)
(1,29149)
(0,29298)
(0,28696)
(0,28568)
(0,28565)
(1,28998)
(1,28925)
(0,28703)
(1,29036)
(1,28912)
(1,28480)
(1,29344)
(1,29098)
(1,28784)
(0,29008)
(1,29576)
(1,29019)
(1,29186)
(0,28552)
(1,29014)
(0,29100)
(1,28834)
(0,29255)
(1,29491)
(1,28975)
(1,29225)
(0,29369)
(0,28615)
(1,29157)
(1,29260)
(0,28530)
(1,29378)
(1,28768)
(1,29132)
(0,29100)
(0,28586)
(0,28587)
(1,28986)
(1,29288)
(0,28333)
(1,29016)
(0,28261)
(0,28686)
(0,28373)
(0,28477)
(1,29294)
(0,28766)
(0,29169)
(1,28980)
(0,29125)
(1,28744)
(1,28994)
(0,28682)
(0,28865)
(1,28752)
(0,29006)
(1,29080)
(0,28948)
(0,29442)
(1,29022)
(0,28740)
(1,28719)
(1,28898)
(0,28847)
(0,29074)
(0,28704)
(0,28789)
(1,29341)
(0,28718)
(0,28883)
(0,28712)
(1,29389)
(1,29278)
(1,29289)
(0,28431)
(1,28913)
(1,29170)
(1,29028)
(0,28988)
(0,28917)
(0,28290)
(0,28748)
(0,28954)
(0,28148)
(0,28403)
(0,28730)
(1,28816)
(0,29090)
(1,29364)
(0,28440)
(0,28417)
(0,29040)
(1,28862)
(0,28636)
(0,29119)
(0,28814)
(1,29592)
(1,29091)
(0,28840)
(1,28976)
(0,28638)
(1,29248)
(1,29085)
(1,29315)
(1,28784)
(0,29009)
(1,28848)
(1,29245)
(0,28725)
(0,28552)
(0,28375)
(0,29094)
(0,28835)
(1,29423)
(1,28984)
(1,29503)
(0,28835)
(1,28985)
(0,29017)
(0,28497)
(1,29095)
(1,28705)
(0,28614)
(1,28708)
(0,28501)
(1,28875)
(0,28586)
(0,28904)
(1,28711)
(1,29343)
(0,29182)
(0,28964)
(1,28858)
(0,28451)
(0,28580)
(1,29043)
(1,28886)
(0,28958)
(1,29063)
(1,29348)
(0,28860)
(1,29246)
(0,28495)
(1,28899)
(1,28864)
(0,29183)
(1,29477)
(1,29167)
(0,29026)
(0,29103)
(0,28837)
(0,28596)
(0,28413)
(1,29247)
(0,28951)
(1,29338)
(1,29381)
(1,29352)
(0,28360)
(1,28773)
(1,29124)
(0,28825)
(1,28773)
(1,28880)
(1,29559)
(0,28617)
(1,29048)
(0,28650)
(0,28787)
(0,28781)
(0,28805)
(1,29383)
(0,29066)
(1,29034)
(1,29011)
(0,28759)
(0,28840)
(1,29177)
(0,29319)
(1,28951)
(0,28317)
(0,28658)
(1,29262)
(1,28923)
(0,28572)
(0,29072)
(1,29071)
(1,28901)
(1,29378)
(0,28711)
(1,29555)
(1,29016)
(1,29377)
(1,29250)
(0,29007)
(0,28630)
(1,29023)
(0,28799)
(1,29289)
(0,28949)
(1,28675)
(0,28985)
(0,29003)
(0,28699)
(0,28715)
(0,28443)
(0,28952)
(1,28960)
(0,29051)
(1,28826)
(1,29677)
(1,28958)
(0,29238)
(1,29040)
(1,29170)
(0,28687)
(1,29168)
(1,29133)
(0,28657)
(1,28832)
(0,29289)
(0,29258)
(1,29103)
(1,28672)
(1,29365)
(0,29444)
(0,29124)
(1,28497)
(0,29084)
(0,28612)
(0,28500)
(0,28917)
(1,28810)
(1,28957)
(0,29279)
(0,28599)
(0,28852)
(1,29213)
(0,29263)
(1,29048)
(1,29103)
(0,29179)
(1,28883)
(1,29307)
(1,29346)
(1,29105)
(0,28756)
(1,29259)
(1,29026)
(1,29006)
(1,28725)
(0,29033)
(0,28794)
(1,28898)
(0,28315)
(0,28617)
(1,29594)
(1,28923)
(0,29509)
(0,28536)
(0,28966)
(1,29227)
(1,29503)
(0,28590)
(1,29472)
(0,28879)
(1,28965)
(0,28869)
(0,28656)
(0,28720)
(0,28947)
(1,29031)
(0,28472)
(0,28772)
(1,29627)
(0,29022)
(0,28967)
(0,28943)
(0,28331)
(0,28725)
(0,28458)
(0,28400)
(0,29026)
(1,28738)
(0,28748)
(1,28600)
(1,29251)
(0,29501)
(0,28749)
(0,28778)
(1,29242)
(1,29179)
(1,28848)
(0,28862)
(1,29155)
(1,29167)
(1,29425)
(1,29248)
(1,28978)
(1,28930)
(1,28825)
(0,28981)
(1,29026)
(0,29667)
(0,29076)
(1,29122)
(1,28790)
(1,28693)
(0,28936)
(0,28707)
(1,29103)
(1,29261)
(1,29020)
(0,29150)
(1,28829)
(0,28754)
(0,28952)
(1,29194)
(0,29132)
(1,29072)
(1,29053)
(0,28687)
(0,28542)
(1,29330)
(1,29293)
(0,29001)
(1,28581)
(0,28976)
(0,28833)
(1,29199)
(0,28631)
(0,28760)
(1,29274)
(0,29459)
(1,28839)
(0,28938)
(0,28420)
(1,29284)
(0,29211)
(1,29454)
(0,28960)
(0,28483)
(1,29023)
(0,28653)
(1,29077)
(1,28931)
(0,28858)
(1,28552)
(0,28821)
(1,29156)
(1,29315)
(0,28653)
(0,28689)
(0,28501)
(0,28540)
(1,29262)
(1,29824)
(0,29004)
(0,29110)
(1,29286)
(1,28859)
(1,29199)
(0,29078)
(1,29414)
(0,28878)
(1,29002)
(0,29247)
(1,28760)
(1,28880)
(1,29293)
(1,29124)
(1,29048)
(1,28676)
(1,28950)
(0,28817)
(1,29593)
(1,29039)
(1,29432)
(1,29531)
(0,28438)
(1,28973)
(0,28542)
(1,29062)
(1,29013)
(1,29057)
(0,28753)
(1,29546)
(0,28902)
(0,28826)
(0,28546)
(0,28812)
(0,28512)
(0,28533)
(1,29222)
(0,29050)
(1,29231)
(1,29341)
(1,28757)
(1,28740)
(0,28872)
(1,29284)
(1,28866)
(0,28489)
(1,28978)
(1,29324)
(1,28957)
(0,29033)
(1,29210)
(0,28758)
(0,28417)
(1,29248)
(0,29348)
(1,29214)
(1,28866)
(0,28951)
(0,29258)
(1,29171)
(0,28798)
(1,29101)
(0,29023)
(1,28968)
(0,29070)
(1,29350)
(0,28550)
(0,28675)
(0,28716)
(0,28133)
(1,29817)
(0,28997)
(0,29135)
(0,28337)
(0,28730)
(0,28546)
(1,29343)
(1,29266)
(0,28955)
(1,29064)
(0,29177)
(1,29116)
(0,28777)
(1,28718)
(1,29008)
(0,28883)
(0,28868)
(1,29366)
(1,29244)
(1,29200)
(1,29451)
(1,29119)
(1,29264)
(0,28903)
(1,29187)
(0,29371)
(0,29218)
(1,28922)
(1,29620)
(1,28948)
(0,28571)
(1,28796)
(0,29004)
(0,29218)
(0,28708)
(0,28503)
(1,29226)
(0,28976)
(0,28696)
(1,29339)
(1,29010)
(1,29181)
(1,28893)
(0,28888)
(1,29159)
(1,28958)
(1,29263)
(0,28806)
(1,28841)
(0,29077)
(0,29037)
(0,28356)
(0,28919)
(0,28579)
(1,29078)
(0,29015)
(1,29350)
(1,28988)
(0,28731)
(0,28072)
(1,29297)
(0,29111)
(0,29157)
(1,28612)
(1,29031)
(0,28906)
(0,29282)
(1,28988)
(1,29370)
(1,29384)
(1,29097)
(1,29183)
(1,29176)
(1,28906)
(1,28880)
(1,29172)
(1,28811)
(1,28979)
(1,29051)
(0,28912)
(0,29258)
(0,28771)
(1,29278)
(1,28704)
(0,29027)
(1,28967)
(1,29062)
(0,29106)
(1,29138)
(0,28959)
(1,28977)
(0,29215)
(1,29260)
(1,29174)
(0,28848)
(1,29388)
(0,28781)
(1,29059)
(0,29206)
(0,29109)
(1,29030)
(0,29120)
(1,29024)
(1,29245)
(1,29046)
(1,29103)
(1,29232)
(1,29362)
(1,29211)
(1,29048)
(0,29250)
(1,28955)
(1,29026)
(0,28905)
(1,29252)
(0,28821)
(1,28741)
(1,28818)
(1,29355)
(1,28872)
(1,29146)
(0,28939)
(0,28809)
(1,28906)
(0,29039)
(1,29188)
(0,29571)
(1,28680)
(1,29128)
(1,29454)
(0,28439)
(1,28544)
(0,29094)
(0,29002)
(1,29439)
(0,29153)
(0,29141)
(0,28523)
(1,28819)
(1,28998)
(0,28649)
(0,28867)
(1,29041)
(0,28840)
(0,28357)
(1,28966)
(1,29048)
(0,28606)
(0,28446)
(0,28448)
(0,29108)
(0,28881)
(1,29599)
(0,29120)
(0,29180)
(0,28918)
(0,28645)
(1,29026)
(0,28539)
(1,28764)
(1,28948)
(1,28922)
(1,29020)
(1,29108)
(1,28887)
(0,28288)
(0,28675)
(0,28629)
(1,28964)
(0,28597)
(0,28537)
(0,28829)
(0,28525)
(0,28151)
(0,28818)
(1,29344)
(1,29085)
(0,28739)
(0,28795)
(0,28626)
(1,29147)
(1,29293)
(1,29095)
(1,28534)
(0,29168)
(0,28852)
(0,28713)
(0,28378)
(1,28584)
(1,29099)
(0,28795)
(1,29410)
(0,29219)
(0,29005)
(1,28995)
(0,28895)
(1,29134)
(1,29552)
(1,29523)
(1,29195)
(0,28468)
(1,28634)
(1,29090)
(1,29190)
(0,29205)
(0,29248)
(1,28881)
(0,28675)
(1,29345)
(0,29093)
(1,29260)
(0,28585)
(1,29065)
(1,28837)
(0,28214)
(0,28924)
(1,29364)
(0,29085)
(1,29057)
(1,29120)
(0,29011)
(0,29076)
(1,29336)
(1,29091)
(0,29220)
(0,28963)
(0,28923)
(0,28647)
(0,28670)
(1,28929)
(1,29293)
(1,29012)
(1,29329)
(1,28835)
(0,28794)
(0,28745)
(0,28376)
(0,28685)
(0,28444)
(0,28393)
(0,28843)
(0,28763)
(1,29224)
(0,29200)
(1,28962)
(1,28894)
(1,28903)
(1,28819)
(0,28853)
(0,29068)
(1,28813)
(1,29035)
(1,28951)
(1,29025)
(0,28857)
(0,29008)
(0,28500)
(1,28574)
(0,29231)
(1,28911)
(1,28554)
(0,29590)
(0,28488)
(1,29106)
(0,29030)
(1,29240)
(1,28823)
(1,29385)
(0,28874)
(0,29012)
(0,29099)
(1,29294)
(1,28993)
(1,29687)
(0,29245)
(1,28874)
(1,29140)
(1,28713)
(1,28938)
(0,28717)
(0,28793)
(1,28653)
(0,28626)
(0,29149)
(0,28627)
(1,29130)
(0,28312)
(1,29306)
(0,28483)
(1,28899)
(0,28659)
(0,28687)
(0,28702)
(1,28482)
(1,29070)
(1,29061)
(1,28937)
(1,29259)
(1,29519)
(0,28742)
(0,29033)
(0,29324)
(1,29274)
(0,28786)
(0,28853)
(0,28590)
(1,28786)
(0,28532)
(0,28824)
(1,29046)
(1,28962)
(1,28863)
(0,28906)
(1,28552)
(1,29238)
(1,29082)
(1,29336)
(0,29000)
(1,29573)
(0,29000)
(0,29084)
(0,29166)
(0,28725)
(1,28974)
(0,29002)
(0,29441)
(1,29023)
(0,28738)
(0,28800)
(1,29338)
(0,29098)
(1,29207)
(0,29522)
(0,28737)
(0,28775)
(0,28793)
(1,29454)
(0,29249)
(1,28583)
(1,28902)
(1,29044)
(0,29113)
(1,29258)
(0,29181)
(0,28783)
(1,29311)
(0,28835)
(0,28724)
(0,28669)
(0,29352)
(0,28548)
(1,28699)
(0,28759)
(1,29221)
(1,28557)
(1,29500)
(0,28957)
(1,29241)
(1,29069)
(1,28809)
(1,28505)
(0,28713)
(1,29430)
(1,29048)
(1,29120)
(0,29214)
(0,28839)
(1,29293)
(0,29285)
(0,28864)
(1,29509)
(0,28799)
(1,29201)
(0,29159)
(1,29512)
(0,29123)
(0,29104)
(0,28852)
(0,28959)
(0,28964)
(1,28638)
(1,28791)
(0,28546)
(0,28732)
(1,28543)
(1,29522)
(1,28938)
(0,28936)
(1,29104)
(1,28923)
(0,28714)
(0,28489)
(0,28647)
(0,29044)
(0,28755)
(0,28588)
(1,29356)
(1,28738)
(0,30600)
(0,29750)
(0,29190)
(1,29743)
(1,29820)
(1,29784)
(0,29158)
(1,28965)
(0,28847)
(1,28925)
(0,28938)
(1,29432)
(0,29115)
(1,29099)
(1,29043)
(0,29162)
(0,28740)
(1,29185)
(0,29049)
(0,28914)
(0,28547)
(0,28671)
(0,28698)
(1,29095)
(1,28665)
(1,29311)
(0,29088)
(0,28798)
(0,29118)
(1,28917)
(0,28922)
(0,29271)
(0,28699)
(0,28736)
(0,28633)
(1,29388)
(0,29004)
(1,29085)
(1,29059)
(1,29129)
(1,29365)
(1,28936)
(0,29150)
(1,29224)
(1,29562)
(0,29614)
(0,29138)
(0,29185)
(1,28651)
(1,28761)
(0,29238)
(0,29433)
(0,28873)
(1,29185)
(1,29339)
(1,29455)
(0,28978)
(0,28899)
(0,28790)
(1,28749)
(0,28474)
(0,28497)
(0,28315)
(0,28652)
(1,29194)
(1,29139)
(0,28418)
(0,28856)
(1,29016)
(0,28996)
(0,29119)
(0,29305)
(0,28335)
(1,28912)
(0,28873)
(0,28756)
(1,29113)
(1,28784)
(0,28809)
(1,29154)
(1,28974)
(1,29135)
(0,29581)
(0,28792)
(1,28645)
(0,28621)
(0,28775)
(0,28675)
(0,29055)
(0,29031)
(1,28987)
(1,28841)
(1,29291)
(0,29052)
(0,29140)
(1,29322)
(1,29021)
(1,29145)
(0,28455)
(1,29509)
(1,28963)
(1,29195)
(0,29009)
(0,28735)
(0,28909)
(1,28949)
(0,28629)
(0,28460)
(1,28907)
(1,29290)
(0,28785)
(1,29078)
(1,29202)
(1,29326)
(1,29002)
(1,29375)
(1,28992)
(0,29669)
(1,28885)
(0,29070)
(1,28979)
(1,29206)
(0,28883)
(1,28499)
(0,28552)
(0,29121)
(1,29271)
(0,28743)
(0,29115)
(0,28341)
(1,29289)
(0,28935)
(1,28839)
(0,28659)
(0,28451)
(0,28544)
(1,28889)
(1,28670)
(1,29171)
(1,28832)
(1,29351)
(0,29082)
(0,29022)
(1,29012)
(0,29014)
(0,29075)
(1,29056)
(0,28887)
(1,28800)
(1,29285)
(1,29127)
(0,29144)
(1,29148)
(1,28818)
(0,28691)
(1,29021)
(0,28898)
(1,29192)
(0,29136)
(1,29214)
(0,29191)
(0,29094)
(1,29212)
(0,28916)
(0,28551)
(0,28873)
(1,29417)
(0,29634)
(0,28891)
(1,29127)
(0,28976)
(0,28746)
(0,28304)
(1,29068)
(0,29116)
(0,28930)
(0,28462)
(0,28891)
(1,29280)
(1,29049)
(1,29003)
(0,29238)
(0,28387)
(1,29062)
(0,28868)
(1,28909)
(1,28951)
(1,29026)
(1,29183)
(1,29044)
(1,29240)
(1,29041)
(0,28849)
(1,28960)
(0,29448)
(1,28877)
(0,29059)
(1,28634)
(0,28727)
(1,29062)
(1,29164)
(0,29510)
(0,29289)
(1,28913)
(0,28858)
(1,28848)
(0,29630)
(0,28485)
(1,29003)
(0,28640)
(0,28801)
(1,29332)
(1,29389)
(1,29500)
(1,29085)
(0,29349)
(1,29004)
(0,29237)
(0,28718)
(0,28133)
(0,28620)
(1,29345)
(0,28763)
(1,28588)
(1,29130)
(1,29240)
(0,28904)
(1,28968)
(1,28982)
(1,29014)
(1,29319)
(0,28844)
(0,28872)
(1,29221)
(0,28830)
(0,28755)
(1,28684)
(1,28984)
(1,29600)
(1,29412)
(0,28696)
(0,28530)
(1,29191)
(1,28470)
(0,29021)
(0,29251)
(0,28800)
(0,28740)
(1,28729)
(0,28780)
(1,29638)
(0,28918)
(0,28764)
(0,28806)
(0,28734)
(0,28703)
(1,29274)
(1,28891)
(0,28682)
(1,28785)
(0,28947)
(1,29224)
(0,28966)
(1,28960)
(1,28996)
(1,28768)
(0,28772)
(1,29076)
(1,28725)
(0,28822)
(0,28690)
(1,28940)
(1,29038)
(0,28358)
(1,28836)
(0,29145)
(1,28872)
(0,28936)
(0,28709)
(1,29208)
(1,29322)
(0,28723)
(0,29113)
(0,28783)
(0,29001)
(0,28817)
(0,28310)
(0,28761)
(0,28279)
(1,28693)
(0,28785)
(1,29490)
(1,28887)
(0,28873)
(0,29418)
(1,29085)
(0,28401)
(1,29200)
(0,29307)
(1,29012)
(1,28898)
(1,29444)
(1,28996)
(1,28970)
(0,28542)
(1,29327)
(1,28662)
(1,29078)
(0,28556)
(0,28721)
(1,28899)
(1,29285)
(1,29108)
(1,28935)
(0,29147)
(0,28746)
(0,28760)
(1,28598)
(1,29634)
(1,29305)
(0,28707)
(1,28795)
(0,28465)
(0,28282)
(0,28916)
(1,29398)
(1,29285)
(1,29433)
(1,28698)
(0,28665)
(1,28814)
(1,29261)
(0,28996)
(1,28623)
(0,28541)
(1,28789)
(1,28698)
(0,28989)
(1,28823)
(1,29203)
(1,29311)
(0,28783)
(1,28762)
(1,29379)
(0,28541)
(0,28717)
(1,29221)
(1,29447)
(1,29343)
(1,28831)
(1,29047)
(0,28953)
(1,29141)
(0,29242)
(1,28634)
(0,29117)
(0,28412)
(1,29106)
(1,29160)
(1,29157)
(0,29118)
(1,29472)
(1,28918)
(1,29260)
(0,29264)
(0,29297)
(0,28524)
(0,28804)
(1,28868)
(0,28840)
(0,28800)
(1,29243)
(1,29167)
(0,29021)
(0,28559)
(0,28379)
(0,28361)
(0,29021)
(0,28391)
(0,28781)
(0,28708)
(1,29783)
(1,29126)
(1,29363)
(0,28946)
(1,28602)
(0,28630)
(0,28941)
(0,28439)
(0,28601)
(0,28421)
(1,28915)
(1,28954)
(0,28916)
(0,28726)
(0,28671)
(0,28522)
(1,29186)
(1,28939)
(0,29262)
(0,28755)
(1,29151)
(1,29113)
(1,28939)
(0,28824)
(0,28442)
(0,28442)
(1,28989)
(1,28919)
(0,28993)
(0,28875)
(0,28679)
(0,28731)
(0,28991)
(0,29067)
(1,28969)
(1,29043)
(0,28433)
(0,28651)
(0,28612)
(1,29314)
(1,29349)
(0,28571)
(1,28419)
(1,29065)
(1,29277)
(0,28894)
(0,28435)
(1,28688)
(1,29199)
(1,29107)
(1,29440)
(1,29180)
(1,29077)
(1,28776)
(0,29023)
(0,29102)
(0,28624)
(1,29046)
(0,29038)
(1,29025)
(0,28736)
(0,28727)
(0,28859)
(0,28189)
(1,29103)
(1,29119)
(0,28734)
(0,28643)
(0,28726)
(1,28944)
(1,29019)
(1,29201)
(0,28890)
(1,29100)
(1,29036)
(1,28835)
(1,29162)
(0,29256)
(1,29197)
(1,28690)
(0,28467)
(1,28973)
(1,28958)
(1,29363)
(1,29062)
(0,28633)
(0,28466)
(1,28628)
(0,28619)
(0,28392)
(1,28970)
(0,28852)
(1,28929)
(1,29147)
(1,28942)
(1,28914)
(1,28856)
(0,28932)
(1,29439)
(0,28670)
(0,28850)
(1,29212)
(0,29208)
(1,29112)
(1,29216)
(0,28796)
(1,28898)
(1,28867)
(1,29258)
(0,29331)
(1,28764)
(1,29077)
(0,28953)
(1,29099)
(1,28663)
(1,29090)
(1,29077)
(0,29054)
(1,29522)
(0,28344)
(1,29193)
(1,28902)
(1,29164)
(1,28920)
(1,29353)
(1,29159)
(0,28595)
(1,28705)
(0,29360)
(0,28794)
(1,28761)
(1,28908)
(0,29413)
(0,28933)
(0,28669)
(0,28850)
(0,28385)
(0,28607)
(1,29332)
(0,28798)
(1,29132)
(1,29006)
(0,28754)
(1,29005)
(0,28695)
(0,29033)
(1,28745)
(0,28851)
(0,28806)
(1,28612)
(1,29037)
(0,28863)
(1,29334)
(0,28948)
(1,28998)
(0,29087)
(0,28433)
(0,28580)
(0,28244)
(0,28692)
(1,28710)
(0,28969)
(0,28987)
(0,28892)
(0,29333)
(1,28901)
(1,28861)
(1,28711)
(1,28921)
(1,29443)
(0,28873)
(1,29080)
(0,28641)
(0,28500)
(1,28981)
(1,29034)
(1,29645)
(1,29093)
(0,28997)
(0,28160)
(1,28840)
(0,28246)
(0,28570)
(0,28662)
(1,29347)
(0,28865)
(1,29395)
(1,29029)
(1,28694)
(0,28713)
(0,28363)
(1,28648)
(0,29159)
(1,29303)
(0,28752)
(1,29431)
(0,28699)
(0,28622)
(1,29289)
(0,28958)
(1,29225)
(0,29163)
(0,28934)
(0,28592)
(1,29134)
(1,28869)
(0,28842)
(0,28784)
(1,29211)
(1,29371)
(1,29163)
(0,29175)
(0,28409)
(0,28498)
(1,29337)
(1,29536)
(1,28798)
(1,29425)
(1,29094)
(1,29091)
(0,28817)
(0,29176)
(1,29020)
(1,28768)
(0,29301)
(0,29068)
(1,29072)
(1,29163)
(0,28801)
(1,28653)
(0,29064)
(0,28760)
(1,29529)
(0,29463)
(1,29547)
(1,29214)
(0,29389)
(0,29044)
(0,29010)
(0,28578)
(0,28710)
(1,29052)
(1,29340)
(1,29467)
(0,29137)
(1,28490)
(1,28695)
(1,29027)
(1,29354)
(1,28800)
(1,29210)
(1,29011)
(0,29142)
(0,28715)
(1,29108)
(0,28693)
(1,28890)
(0,29204)
(0,28817)
(0,28992)
(0,28575)
(0,28903)
(1,29219)
(0,29291)
(1,29174)
(1,28924)
(1,28961)
(0,28929)
(0,28246)
(0,28587)
(1,28792)
(1,28912)
(0,29242)
(0,28829)
(0,28511)
(0,28755)
(0,28857)
(0,28673)
(0,28573)
(1,29314)
(1,29011)
(0,28740)
(1,28978)
(0,28719)
(1,28876)
(1,29504)
(1,28970)
(0,28438)
(0,29147)
(1,29143)
(1,29035)
(0,28563)
(0,28449)
(0,29237)
(1,29090)
(0,28721)
(0,28995)
(1,28820)
(1,29241)
(0,29575)
(1,29108)
(1,28934)
(0,29061)
(0,28760)
(0,28670)
(1,28971)
(1,29148)
(0,29290)
(1,28935)
(0,29095)
(0,28797)
(1,29268)
(0,29075)
(0,29243)
(0,28832)
(0,28238)
(0,28409)
(1,29013)
(1,29378)
(0,28791)
(1,28377)
(0,29371)
(1,28797)
(0,28431)
(1,29311)
(1,29139)
(1,28898)
(0,28773)
(0,28992)
(1,29361)
(1,29308)
(0,28493)
(1,29101)
(1,28951)
(1,28994)
(1,28953)
(1,28938)
(0,29132)
(0,28654)
(1,28948)
(1,28832)
(1,28900)
(1,28817)
(0,28960)
(0,28495)
(1,28457)
(0,28742)
(1,28915)
(1,29018)
(0,28821)
(0,28755)
(1,28770)
(1,28998)
(0,29052)
(0,28657)
(1,29056)
(1,29391)
(0,28785)
(1,28982)
(0,29016)
(0,29106)
(1,28860)
(1,29247)
(0,28819)
(1,28841)
(1,29115)
(0,28793)
(0,29025)
(0,28646)
(1,28759)
(0,28928)
(1,29023)
(1,29113)
(1,29271)
(0,28491)
(0,28015)
(1,29311)
(1,29052)
(1,28819)
(1,28590)
(1,28946)
(0,28602)
(1,28754)
(1,29141)
(0,28789)
(0,29265)
(0,28761)
(0,29199)
(1,28926)
(0,29078)
(1,29628)
(0,29147)
(0,28994)
(1,29105)
(1,29039)
(1,29331)
(1,29159)
(1,29338)
(0,28942)
(1,29317)
(1,29165)
(1,29350)
(1,29355)
(0,29087)
(1,28914)
(0,28771)
(1,29085)
(1,28939)
(1,28937)
(1,29399)
(1,29117)
(1,29281)
(1,29453)
(1,29008)
(1,28755)
(0,28870)
(0,28890)
(0,28621)
(1,29049)
(0,28892)
(1,29387)
(1,29063)
(1,29076)
(1,28961)
(1,29178)
(0,28964)
(1,28930)
(1,29019)
(0,28810)
(0,29040)
(1,29328)
(0,28743)
(0,28659)
(1,29010)
(1,28939)
(1,28944)
(1,28955)
(0,28740)
(1,29203)
(1,28946)
(0,28642)
(0,28561)
(1,29228)
(0,29265)
(0,29100)
(1,29550)
(1,29419)
(0,29477)
(1,29030)
(1,29090)
(1,29168)
(1,29017)
(1,29203)
(0,29055)
(1,29497)
(1,29434)
(1,28966)
(1,29405)
(0,29171)
(0,28745)
(0,28711)
(0,28568)
(1,29409)
(0,29086)
(1,29306)
(0,29030)
(0,29180)
(1,28979)
(1,29417)
(0,28590)
(1,29502)
(0,28952)
(1,29551)
(1,28970)
(0,28746)
(1,28779)
(1,29281)
(0,28573)
(0,28713)
(1,28881)
(1,29367)
(0,28417)
(0,28968)
(1,28959)
(1,28878)
(0,28702)
(0,28292)
(1,28697)
(1,29437)
(1,29238)
(0,28700)
(0,28640)
(0,28502)
(1,28683)
(1,28875)
(0,28673)
(0,28850)
(0,28674)
(0,28479)
(0,28426)
(0,28275)
(0,28980)
(1,29105)
(0,28817)
(0,28236)
(0,28639)
(0,28666)
(1,29109)
(0,29345)
(1,29127)
(1,29203)
(0,29165)
(1,29240)
(0,29140)
(0,28468)
(1,29156)
(0,29253)
(1,28810)
(0,28611)
(0,28450)
(1,28929)
(1,28638)
(1,29031)
(1,29245)
(1,29395)
(0,28392)
(0,28353)
(0,28426)
(1,29165)
(0,28938)
(1,28633)
(0,28703)
(1,28498)
(0,28860)
(0,28494)
(1,29516)
(1,28973)
(1,28984)
(1,29007)
(0,28819)
(0,28923)
(1,29043)
(1,29142)
(0,29347)
(1,28994)
(1,29370)
(0,28977)
(0,28625)
(1,29581)
(1,28842)
(1,29086)
(0,29289)
(0,28966)
(1,28829)
(0,28788)
(0,28362)
(0,28686)
(1,29172)
(0,28976)
(1,29407)
(0,28929)
(0,28887)
(0,28873)
(1,29040)
(1,29190)
(1,28345)
(1,29193)
(0,28953)
(0,28766)
(1,28896)
(1,29084)
(1,28890)
(1,29098)
(0,28529)
(0,29150)
(1,28927)
(0,29074)
(1,28793)
(0,28809)
(0,28516)
(0,28846)
(0,28725)
(1,29402)
(1,28606)
(1,29304)
(0,28883)
(0,28944)
(0,28975)
(1,29189)
(1,29125)
(0,29211)
(0,28777)
(1,29417)
(0,29018)
(0,29097)
(1,28952)
(0,28812)
(0,28628)
(0,28505)
(1,29061)
(0,29030)
(1,29501)
(1,29119)
(1,28932)
(0,29099)
(0,29018)
(1,29095)
(1,28930)
(1,29041)
(1,28872)
(0,28762)
(0,28371)
(0,28964)
(1,28941)
(0,29682)
(0,28908)
(0,28545)
(1,29403)
(0,28626)
(0,29811)
(0,30044)
(1,29569)
(0,29450)
(0,28965)
(0,28449)
(1,29214)
(0,28346)
(0,28772)
(1,29197)
(0,29246)
(0,29011)
(0,28647)
(0,28774)
(1,29476)
(0,28467)
(1,28878)
(0,28862)
(1,29510)
(1,28790)
(0,28689)
(1,29085)
(0,29421)
(1,28949)
(0,28837)
(0,28863)
(0,28644)
(0,28472)
(0,28409)
(1,29237)
(1,28852)
(1,29085)
(0,29237)
(1,29011)
(0,28966)
(1,29115)
(1,29229)
(1,29201)
(0,29019)
(0,28785)
(1,28810)
(1,29113)
(1,28929)
(0,28827)
(0,29070)
(1,29344)
(0,29004)
(0,28928)
(1,29200)
(0,29223)
(0,28841)
(0,28674)
(0,28056)
(0,28444)
(1,28879)
(1,29149)
(1,28902)
(0,28879)
(0,28901)
(0,29388)
(0,28690)
(0,28473)
(1,29213)
(1,28811)
(1,29023)
(0,28584)
(1,28759)
(1,29189)
(0,29169)
(1,28692)
(0,28736)
(0,28470)
(1,29150)
(0,28672)
(0,28757)
(1,29361)
(1,28967)
(1,28909)
(0,29141)
(1,29089)
(0,28891)
(0,28560)
(0,28488)
(1,29324)
(1,28907)
(0,28740)
(1,28961)
(1,29289)
(0,29110)
(1,28894)
(1,28932)
(1,28917)
(0,28796)
(1,28697)
(0,28952)
(0,28834)
(0,28892)
(0,28684)
(0,28856)
(0,28625)
(0,28803)
(1,28981)
(1,29208)
(1,29399)
(1,28725)
(0,29118)
(1,29277)
(1,29066)
(0,29742)
(0,29106)
(1,29067)
(1,29029)
(1,29358)
(0,29642)
(1,28699)
(1,29009)
(0,28995)
(0,28604)
(0,28847)
(1,28960)
(0,28563)
(0,28518)
(1,28948)
(1,29395)
(0,28664)
(0,29119)
(1,29073)
(1,29298)
(0,28978)
(0,29165)
(0,28798)
(1,29030)
(1,29213)
(1,29081)
(1,29156)
(1,28799)
(0,29135)
(1,29208)
(1,28513)
(0,29131)
(1,29272)
(1,28950)
(0,29405)
(1,29228)
(0,29791)
(1,28818)
(0,28770)
(1,28974)
(0,28897)
(1,29455)
(1,29266)
(1,29266)
(0,28868)
(0,28929)
(1,29072)
(1,28976)
(1,29269)
(1,29357)
(1,29140)
(0,28789)
(1,28620)
(1,29393)
(1,29211)
(1,28972)
(1,29282)
(1,29094)
(1,29417)
(0,28858)
(0,29096)
(1,28903)
(1,29240)
(0,28711)
(1,29014)
(1,29197)
(0,28984)
(0,29155)
(1,29139)
(1,28702)
(1,28997)
(0,29054)
(1,28853)
(1,29016)
(0,29026)
(0,28406)
(0,28649)
(0,28711)
(0,28891)
(1,29220)
(1,28842)
(1,28983)
(0,28944)
(1,29340)
(1,28783)
(0,28766)
(1,29527)
(1,28760)
(1,29459)
(1,29191)
(0,28864)
(0,29189)
(1,29052)
(1,29193)
(1,28733)
(1,28909)
(1,29287)
(0,28912)
(0,28909)
(1,28715)
(1,28592)
(0,28603)
(0,28577)
(1,28674)
(1,29414)
(1,28890)
(1,29779)
(0,28727)
(0,29137)
(0,28737)
(0,28749)
(0,28907)
(0,28910)
(0,28451)
(0,28698)
(0,28751)
(1,29038)
(0,29304)
(0,29308)
(1,28599)
(0,28986)
(0,28635)
(0,28268)
(0,28649)
(0,28180)
(0,28677)
(0,28351)
(0,28728)
(0,28890)
(0,28528)
(0,28934)
(0,28697)
(1,29264)
(1,29113)
(0,29036)
(1,28957)
(1,29512)
(0,29183)
(1,29254)
(0,28816)
(0,28530)
(0,28835)
(0,28649)
(1,28548)
(1,28823)
(1,28982)
(1,29190)
(0,29002)
(1,29119)
(0,28529)
(0,29074)
(0,28670)
(1,29036)
(0,28335)
(0,28677)
(0,28372)
(1,28982)
(1,29047)
(1,29192)
(0,28901)
(0,28236)
(0,28789)
(1,29563)
(1,29450)
(0,28538)
(1,29028)
(1,28941)
(0,29251)
(0,28485)
(1,28922)
(0,29235)
(1,28825)
(1,28985)
(1,29295)
(0,29169)
(1,29168)
(1,29002)
(0,29078)
(0,29026)
(1,29193)
(1,28980)
(0,29023)
(1,28827)
(0,29643)
(1,29030)
(0,28649)
(1,28888)
(1,29034)
(0,28740)
(0,29077)
(1,28612)
(0,28877)
(1,29078)
(1,29063)
(0,29170)
(1,29031)
(1,28892)
(0,29113)
(0,28744)
(1,28910)
(1,28967)
(1,29347)
(1,29406)
(1,29209)
(1,28823)
(0,29131)
(1,29255)
(0,29306)
(1,29226)
(1,29183)
(0,28424)
(0,28413)
(0,28467)
(0,28606)
(1,28675)
(0,28741)
(1,28689)
(1,29070)
(0,28598)
(1,29089)
(0,28965)
(0,28606)
(0,28597)
(1,29506)
(1,29625)
(1,29239)
(1,28992)
(1,28810)
(0,29100)
(0,29298)
(1,28661)
(0,28794)
(1,29279)
(0,28750)
(0,29020)
(1,29141)
(1,29521)
(1,28971)
(0,28634)
(0,28671)
(1,29346)
(0,28793)
(1,28628)
(0,28618)
(1,29204)
(1,29361)
(1,29050)
(0,28697)
(1,28897)
(0,29069)
(0,28839)
(1,29083)
(0,28538)
(1,29146)
(1,29430)
(0,29259)
(1,29306)
(1,28914)
(0,28766)
(0,28785)
(0,28554)
(1,29118)
(0,28785)
(0,29050)
(0,29313)
(1,28483)
(1,29092)
(0,28624)
(1,28958)
(0,29223)
(1,29414)
(1,29349)
(1,29356)
(1,29466)
(0,29066)
(0,28909)
(1,29062)
(0,28677)
(1,28955)
(0,28791)
(0,28668)
(0,28572)
(0,28879)
(1,28970)
(0,29123)
(0,28771)
(0,28831)
(0,28674)
(0,28379)
(1,28853)
(1,28817)
(1,28991)
(1,29321)
(0,28762)
(1,29266)
(0,28817)
(1,28802)
(1,29085)
(0,29062)
(1,28802)
(0,28299)
(0,28454)
(0,28537)
(1,28972)
(1,29636)
(1,29022)
(0,29309)
(1,29359)
(1,29362)
(0,28834)
(0,28534)
(0,28407)
(1,29585)
(1,28873)
(0,28595)
(0,28909)
(0,28810)
(1,28719)
(1,28870)
(1,29209)
(1,29199)
(1,29281)
(0,29306)
(0,28778)
(1,29481)
(0,28927)
(1,28787)
(1,28646)
(0,29045)
(0,29628)
(1,29087)
(1,28880)
(0,28646)
(0,28556)
(1,29157)
(0,28826)
(1,29325)
(0,29033)
(0,28707)
(1,29152)
(1,28944)
(0,28891)
(0,28688)
(1,28976)
(0,28627)
(1,29149)
(0,29176)
(0,28060)
(1,29601)
(0,29112)
(0,28719)
(1,28865)
(1,28672)
(1,29072)
(0,28927)
(1,28830)
(0,28675)
(1,29211)
(1,29265)
(1,28914)
(0,28446)
(1,29346)
(0,28984)
(1,29084)
(1,29356)
(0,29246)
(0,28605)
(1,29528)
(0,28861)
(0,29113)
(1,29181)
(0,28796)
(1,28989)
(0,28992)
(1,29047)
(0,29306)
(0,28807)
(0,29082)
(1,28714)
(0,28743)
(0,28349)
(1,28833)
(0,29123)
(0,29234)
(1,29548)
(0,28940)
(0,29422)
(1,28785)
(0,29070)
(0,29145)
(1,28939)
(1,28761)
(0,28884)
(0,29259)
(0,28834)
(0,28909)
(0,29078)
(1,29087)
(0,28733)
(1,28819)
(0,28666)
(0,29002)
(0,28689)
(0,28617)
(1,28758)
(0,28937)
(0,28677)
(0,28641)
(0,28560)
(0,28525)
(1,29196)
(1,28990)
(0,29146)
(1,29501)
(0,28861)
(1,29004)
(0,29100)
(1,28988)
(1,29152)
(1,29218)
(0,29240)
(1,29339)
(1,28819)
(1,29055)
(1,28905)
(0,28841)
(1,29441)
(0,29257)
(1,29192)
(0,29601)
(0,28824)
(0,28933)
(0,28776)
(1,29254)
(0,29032)
(0,28891)
(1,28960)
(1,29808)
(0,29154)
(0,28986)
(0,28362)
(0,29180)
(0,29041)
(0,28216)
(0,28777)
(1,29194)
(0,28715)
(1,29317)
(1,28972)
(0,28830)
(1,29329)
(0,29010)
(0,28638)
(0,28281)
(0,29095)
(0,28509)
(1,28905)
(0,29408)
(1,29195)
(1,29249)
(0,28887)
(0,28664)
(1,28934)
(1,29543)
(1,29075)
(0,28559)
(0,28754)
(1,29151)
(0,29557)
(1,29028)
(0,28468)
(1,29158)
(1,28814)
(1,28329)
(0,28888)
(0,28627)
(1,29465)
(1,29038)
(1,28945)
(1,29161)
(0,28656)
(1,29538)
(0,29096)
(0,29072)
(0,28629)
(1,29267)
(1,29187)
(1,29242)
(1,29396)
(0,28906)
(1,29474)
(0,29565)
(1,28799)
(1,29364)
(0,28638)
(1,28933)
(0,28604)
(1,29233)
(1,29136)
(1,28939)
(0,28820)
(0,28594)
(0,28814)
(0,29057)
(0,28835)
(1,29064)
(1,29322)
(0,28528)
(0,29380)
(1,29346)
(0,28719)
(1,29326)
(0,29205)
(1,29336)
(0,28777)
(1,29191)
(0,29014)
(1,29288)
(1,29139)
(0,28818)
(0,28605)
(0,28720)
(1,29142)
(0,29100)
(0,28891)
(0,28756)
(1,29673)
(0,28949)
(0,28670)
(1,29154)
(0,29343)
(1,29326)
(1,28898)
(1,29047)
(0,28973)
(0,29005)
(0,28807)
(1,29123)
(0,28922)
(1,28844)
(1,29436)
(1,28659)
(1,29086)
(0,28936)
(0,29060)
(1,29163)
(1,29326)
(1,28753)
(1,29435)
(1,28794)
(0,28780)
(0,28883)
(0,28410)
(0,28450)
(1,29160)
(0,28723)
(1,29115)
(1,28998)
(1,29311)
(0,28982)
(0,29186)
(0,28917)
(1,29378)
(0,28944)
(1,29091)
(0,29046)
(1,29195)
(0,29093)
(0,28679)
(0,29206)
(0,28562)
(1,28960)
(1,28943)
(0,28531)
(0,28511)
(0,28401)
(0,28554)
(0,28564)
(0,28975)
(0,28580)
(1,29266)
(1,29045)
(1,29564)
(0,28813)
(0,28798)
(0,29031)
(1,29189)
(0,29331)
(0,28811)
(1,29278)
(1,29174)
(1,29142)
(1,29069)
(1,28833)
(0,28741)
(1,29310)
(1,29450)
(1,29077)
(0,28915)
(0,28762)
(0,28734)
(1,28968)
(0,28518)
(0,28564)
(0,28358)
(0,28455)
(1,29155)
(0,29128)
(1,29141)
(0,29095)
(1,29187)
(1,28940)
(0,29018)
(0,28357)
(1,29508)
(1,28983)
(1,29449)
(1,29035)
(0,28795)
(0,28775)
(0,28928)
(1,28775)
(1,29174)
(0,28998)
(1,29262)
(0,28470)
(0,28828)
(1,29122)
(0,28674)
(1,29170)
(1,29282)
(0,28881)
(1,29117)
(0,28853)
(1,29436)
(0,28505)
(1,29025)
(0,28704)
(1,28845)
(0,28790)
(1,28868)
(0,29235)
(0,28634)
(1,28966)
(1,28733)
(0,28719)
(1,28985)
(1,28925)
(1,29321)
(1,29363)
(0,29163)
(0,28781)
(1,29084)
(0,28780)
(1,28713)
(1,29278)
(0,28705)
(0,28485)
(0,28739)
(1,29269)
(0,29245)
(0,28810)
(0,29102)
(0,28684)
(1,29008)
(1,28928)
(1,29038)
(0,28446)
(0,28303)
(0,28594)
(1,28966)
(0,28865)
(1,29133)
(0,28769)
(0,28338)
(1,28752)
(0,28757)
(1,28870)
(1,29283)
(0,28911)
(1,29124)
(0,29148)
(1,29091)
(1,29006)
(0,28968)
(1,28985)
(1,28822)
(1,29328)
(0,28779)
(0,28420)
(1,28922)
(1,28877)
(1,29188)
(1,28846)
(0,28575)
(0,28627)
(1,28699)
(0,28824)
(1,29170)
(0,28863)
(1,28766)
(1,28791)
(1,28553)
(1,29480)
(0,28976)
(1,29246)
(1,29229)
(1,28913)
(1,29208)
(1,29561)
(0,28560)
(1,29268)
(1,28611)
(0,28227)
(1,29092)
(0,29182)
(0,28834)
(1,28908)
(0,28460)
(1,29256)
(1,29240)
(0,29153)
(1,29234)
(1,29088)
(0,29088)
(0,28797)
(0,28604)
(0,29029)
(0,28336)
(0,28585)
(1,29616)
(0,29107)
(0,28443)
(0,28708)
(1,29021)
(0,28536)
(0,28767)
(1,29263)
(0,28475)
(0,29008)
(0,29261)
(0,29326)
(0,29395)
(0,28834)
(1,29606)
(0,28711)
(1,29122)
(1,28957)
(0,29254)
(0,28715)
(1,29448)
(0,28878)
(1,29220)
(0,28599)
(1,29656)
(1,28916)
(1,28942)
(0,28585)
(0,28932)
(0,28453)
(0,29099)
(1,28847)
(0,29018)
(1,28909)
(0,28987)
(0,28821)
(0,28394)
(1,28859)
(0,29219)
(0,29073)
(0,28589)
(1,29115)
(1,29296)
(1,28941)
(0,28570)
(1,29309)
(0,28813)
(0,29435)
(1,29137)
(1,29371)
(1,29261)
(0,29372)
(1,28865)
(0,29323)
(1,29400)
(1,29159)
(0,28823)
(1,29236)
(0,29027)
(1,28897)
(1,29492)
(1,28826)
(1,29056)
(0,29004)
(0,29082)
(0,28698)
(1,29082)
(1,29131)
(0,28843)
(0,28556)
(0,28215)
(1,29073)
(1,29278)
(0,28534)
(1,29511)
(0,29202)
(1,28996)
(0,28894)
(0,28958)
(1,29484)
(1,28927)
(0,28705)
(0,29172)
(1,29263)
(1,29104)
(0,29092)
(1,29550)
(0,28214)
(1,28811)
(0,28597)
(1,28885)
(1,29867)
(1,29284)
(1,29077)
(0,29271)
(0,28397)
(1,29336)
(0,29380)
(0,29177)
(0,28889)
(1,29187)
(0,29470)
(1,28957)
(1,29119)
(1,28919)
(1,28945)
(1,28916)
(1,28717)
(1,29414)
(0,28993)
(0,28740)
(1,29031)
(1,29082)
(1,28948)
(1,28879)
(0,29038)
(1,29415)
(1,28988)
(1,29328)
(1,29377)
(0,28621)
(1,29119)
(1,29495)
(0,28779)
(0,28721)
(0,28818)
(1,28818)
(0,28752)
(1,29224)
(1,28699)
(1,29022)
(1,28879)
(0,29060)
(1,29288)
(0,28942)
(0,29167)
(0,28658)
(0,29439)
(1,29329)
(0,29296)
(1,29042)
(0,29141)
(0,29845)
(1,28855)
(0,28978)
(0,28897)
(0,28646)
(0,28813)
(0,28566)
(1,29041)
(0,28999)
(1,28838)
(1,29155)
(0,28909)
(1,29033)
(0,29373)
(1,29052)
(1,29102)
(1,29325)
(1,29136)
(1,28614)
(0,29144)
(0,30003)
(0,30044)
(0,29668)
(1,29696)
(0,29070)
(1,28907)
(0,29277)
(0,28549)
(0,28670)
(0,28854)
(1,28784)
(1,29145)
(0,28898)
(0,28871)
(0,28560)
(0,28678)
(0,28864)
(1,28925)
(0,28992)
(1,28909)
(0,28741)
(0,28745)
(1,28666)
(0,29177)
(0,29134)
(1,29058)
(0,29092)
(0,28993)
(0,28676)
(1,28917)
(1,28940)
(1,28983)
(0,28866)
(1,29116)
(1,29096)
(1,28697)
(1,28805)
(0,29030)
(0,28696)
(1,28695)
(1,28710)
(0,28617)
(1,29289)
(0,28841)
(0,29222)
(1,29144)
(1,29287)
(1,29385)
(1,29195)
(0,29193)
(1,29044)
(0,28831)
(0,29152)
(1,29372)
(1,29272)
(1,28955)
(0,28504)
(1,29551)
(0,29000)
(1,28627)
(1,28801)
(1,28563)
(1,29051)
(0,29238)
(1,29046)
(1,29388)
(1,29081)
(1,28754)
(0,28907)
(0,28447)
(1,29093)
(0,29449)
(0,28952)
(0,28834)
(1,29004)
(1,29259)
(0,28896)
(0,28559)
(1,29024)
(0,29107)
(1,28859)
(1,29334)
(0,28685)
(0,28670)
(0,28901)
(0,28646)
(0,28352)
(1,28932)
(0,29147)
(0,28941)
(1,29220)
(0,28406)
(0,28547)
(1,28900)
(0,28633)
(0,29106)
(1,28592)
(0,28868)
(0,28646)
(0,28426)
(1,29734)
(1,29448)
(1,28941)
(0,28981)
(0,28965)
(1,29655)
(0,29025)
(1,28624)
(0,28948)
(0,28707)
(0,28677)
(1,28933)
(1,29077)
(1,29306)
(0,29300)
(0,28615)
(1,28796)
(0,28807)
(0,29007)
(0,28887)
(1,29543)
(0,29008)
(0,28962)
(0,28626)
(0,28445)
(1,29117)
(1,29232)
(0,29182)
(0,28851)
(0,28521)
(1,29344)
(0,28845)
(0,29083)
(1,29037)
(0,28527)
(1,28679)
(1,28948)
(1,29056)
(1,28371)
(1,29031)
(1,29112)
(1,29300)
(1,28964)
(1,28748)
(1,29252)
(0,28734)
(0,28864)
(1,29218)
(1,28721)
(1,28607)
(1,29019)
(1,28991)
(0,28938)
(0,29035)
(0,28672)
(1,28800)
(0,29044)
(0,28586)
(0,28638)
(1,29575)
(0,29033)
(0,28393)
(0,28537)
(1,29624)
(0,28992)
(1,29031)
(0,29077)
(0,28685)
(0,28313)
(0,28708)
(0,28598)
(0,28221)
(0,28720)
(0,28592)
(0,28693)
(1,28876)
(0,29234)
(1,28968)
(1,29358)
(0,28635)
(1,29329)
(1,28969)
(1,28972)
(0,29079)
(0,28839)
(0,29125)
(0,28665)
(1,29076)
(0,28982)
(1,28741)
(1,28964)
(1,29039)
(0,28865)
(1,29246)
(1,29368)
(1,29338)
(1,29428)
(0,28642)
(0,29130)
(0,28277)
(0,28707)
(0,28796)
(1,28899)
(1,29281)
(1,29059)
(0,29126)
(1,29422)
(0,28701)
(0,28773)
(0,28671)
(0,28696)
(0,29162)
(0,28234)
(0,28782)
(1,29135)
(0,28928)
(1,29077)
(0,29057)
(0,28845)
(0,28737)
(0,29121)
(1,28952)
(0,29209)
(1,28936)
(1,29133)
(1,28528)
(1,28771)
(1,28824)
(0,28699)
(1,28833)
(1,28984)
(1,29168)
(0,29111)
(1,29216)
(0,28815)
(0,28667)
(1,29012)
(0,28636)
(0,28124)
(0,28445)
(1,28807)
(1,28822)
(0,29349)
(1,29120)
(0,28667)
(0,28718)
(0,28201)
(0,28582)
(0,28904)
(1,29292)
(0,28649)
(1,28792)
(1,28989)
(1,29052)
(0,28705)
(1,28933)
(1,28745)
(0,29175)
(0,28800)
(1,29029)
(0,29070)
(0,28876)
(1,29010)
(1,29088)
(0,29064)
(0,28947)
(1,29028)
(0,28774)
(0,28946)
(0,28645)
(0,28365)
(0,28310)
(0,28541)
(1,29356)
(0,29660)
(1,28960)
(0,29417)
(1,28741)
(0,29061)
(1,28857)
(0,28238)
(1,29331)
(0,28910)
(0,28591)
(0,28604)
(1,29520)
(1,29694)
(0,28865)
(0,28478)
(0,28619)
(0,28574)
(0,28977)
(1,28817)
(1,29196)
(0,28823)
(0,28507)
(0,28697)
(0,28437)
(0,29003)
(1,28938)
(1,29304)
(1,29013)
(1,28787)
(0,28865)
(1,28924)
(0,29301)
(0,28795)
(0,28535)
(1,29155)
(0,28798)
(1,28970)
(0,28111)
(0,28588)
(0,28413)
(1,29114)
(1,28634)
(0,29044)
(1,28927)
(1,28956)
(1,28977)
(0,28459)
(0,28776)
(0,28612)
(0,28546)
(0,28618)
(0,29107)
(0,28597)
(0,28478)
(1,28916)
(1,29264)
(0,28860)
(0,28712)
(1,28816)
(0,29047)
(1,29144)
(1,29187)
(0,28803)
(1,29542)
(0,29581)
(0,29293)
(0,28719)
(0,28622)
(1,28688)
(1,29095)
(1,29635)
(1,28854)
(0,29347)
(0,28764)
(0,28792)
(0,28812)
(1,29359)
(1,29014)
(1,28896)
(0,28820)
(1,28908)
(1,28736)
(1,29008)
(0,28745)
(0,28478)
(0,28816)
(0,28636)
(1,28953)
(1,28540)
(0,28810)
(1,29233)
(1,28669)
(0,28852)
(0,28838)
(1,29113)
(1,29023)
(1,28880)
(0,28843)
(1,29129)
(1,29032)
(1,28784)
(1,28799)
(1,28839)
(0,28848)
(1,29637)
(0,28907)
(1,29325)
(1,28940)
(1,29700)
(1,28857)
(0,28600)
(1,29247)
(1,28836)
(1,29154)
(0,29478)
(0,29133)
(0,28735)
(1,28702)
(1,28726)
(0,29857)
(0,28630)
(1,29138)
(0,28962)
(1,29171)
(0,28678)
(1,29456)
(1,29011)
(0,28794)
(0,28638)
(1,28935)
(0,29093)
(0,28868)
(0,29029)
(0,29314)
(1,29231)
(0,28735)
(0,28837)
(1,29755)
(0,28530)
(0,28971)
(0,28337)
(1,28724)
(0,28816)
(0,28321)
(1,28434)
(1,29078)
(0,28619)
(0,28320)
(1,29380)
(0,29023)
(1,28834)
(0,29067)
(0,28736)
(1,29347)
(0,29443)
(1,29274)
(1,29247)
(0,29259)
(0,29564)
(0,29053)
(1,28959)
(1,28848)
(0,28710)
(0,28988)
(0,28960)
(0,28513)
(1,29059)
(1,28798)
(1,29173)
(0,29469)
(0,28848)
(0,28992)
(0,28712)
(1,28819)
(1,28855)
(1,28843)
(1,29500)
(0,28940)
(0,28629)
(1,28835)
(1,28960)
(1,28937)
(0,29206)
(0,28895)
(1,28744)
(1,29285)
(0,28840)
(1,29375)
(1,29156)
(1,28747)
(0,29059)
(1,28686)
(1,29329)
(1,29181)
(0,29487)
(1,28828)
(1,30151)
(0,29118)
(1,28895)
(1,29321)
(1,29330)
(1,28634)
(0,28919)
(0,28741)
(1,28531)
(0,28496)
(0,28620)
(0,28445)
(0,29385)
(0,28523)
(0,28628)
(0,28709)
(0,28663)
(0,28205)
(0,28703)
(0,29001)
(0,28375)
(1,28976)
(0,28592)
(0,28396)
(0,28218)
(1,28997)
(0,28680)
(0,28828)
(0,28712)
(1,29294)
(0,28561)
(0,29055)
(0,28386)
(1,28966)
(0,28513)
(0,28558)
(1,29269)
(1,29145)
(0,28523)
(1,29000)
(0,28894)
(1,29087)
(0,28941)
(1,28738)
(0,28484)
(0,29013)
(1,28780)
(1,28672)
(1,29250)
(0,28817)
(0,28840)
(0,28548)
(0,28255)
(1,29205)
(0,28758)
(1,28885)
(0,29039)
(1,29504)
(1,29179)
(1,29273)
(0,28909)
(0,28224)
(0,28564)
(1,29024)
(0,28831)
(1,29139)
(1,28592)
(0,28834)
(1,28877)
(0,28533)
(1,29340)
(0,28782)
(0,28499)
(0,28663)
(1,28638)
(0,28951)
(1,29002)
(1,28885)
(0,28904)
(1,28664)
(0,28539)
(0,28698)
(1,28936)
(1,29112)
(0,29001)
(0,28843)
(0,28621)
(1,28921)
(0,28792)
(0,28819)
(1,29507)
(1,28943)
(1,29518)
(0,29207)
(0,28888)
(1,29487)
(0,28575)
(0,28632)
(0,28203)
(0,28729)
(1,29155)
(0,29048)
(0,28825)
(0,28938)
(0,28591)
(0,28544)
(1,29197)
(0,28963)
(0,28856)
(1,28580)
(1,29061)
(1,28700)
(0,28958)
(1,29390)
(1,29013)
(1,29024)
(0,29291)
(0,29152)
(0,28653)
(1,29138)
(1,28843)
(0,28566)
(0,28897)
(0,28669)
(0,29112)
(1,29154)
(0,29092)
(1,29323)
(0,28401)
(1,29016)
(1,29163)
(0,28571)
(1,29190)
(0,28968)
(1,29267)
(0,28352)
(1,28880)
(0,28485)
(1,28970)
(0,29318)
(0,28683)
(1,28835)
(0,28538)
(1,28772)
(1,29116)
(0,28625)
(1,29250)
(0,28579)
(0,28542)
(0,28307)
(1,29489)
(0,28612)
(0,28329)
(0,28583)
(1,29017)
(1,29210)
(0,28809)
(0,28895)
(1,29052)
(1,29028)
(1,28862)
(1,28886)
(0,29079)
(1,29318)
(0,29125)
(0,28893)
(0,29496)
(0,28710)
(1,29061)
(0,28621)
(1,29197)
(0,29400)
(1,28378)
(0,28564)
(0,28602)
(1,29209)
(0,28760)
(1,29135)
(1,28958)
(1,28850)
(0,29054)
(1,28951)
(0,28814)
(1,29035)
(0,28982)
(1,29079)
(1,29768)
(1,29347)
(0,28581)
(0,29081)
(1,28926)
(0,29051)
(0,28849)
(0,29084)
(0,29099)
(0,28736)
(1,29300)
(1,29336)
(1,29081)
(0,29095)
(1,28899)
(0,28533)
(1,28590)
(1,28757)
(1,29083)
(1,28810)
(1,28811)
(0,28777)
(1,29121)
(1,29272)
(0,29092)
(0,28824)
(1,29042)
(0,28296)
(1,28999)
(0,28462)
(0,28946)
(1,29403)
(0,29066)
(1,29021)
(0,29409)
(0,28817)
(1,28974)
(0,28826)
(1,28463)
(0,28657)
(1,29166)
(0,28804)
(1,29140)
(1,28570)
(1,29091)
(1,28531)
(0,28666)
(1,29443)
(1,28904)
(1,29235)
(1,28748)
(1,28742)
(0,29042)
(1,28968)
(0,29026)
(0,28862)
(1,29631)
(0,29251)
(1,29015)
(1,29204)
(0,28928)
(0,29211)
(1,29017)
(1,29601)
(0,29202)
(1,28738)
(1,28791)
(0,28483)
(0,28141)
(1,29108)
(0,28676)
(0,28544)
(0,28702)
(0,28436)
(0,28400)
(0,28885)
(0,28645)
(0,28382)
(1,28901)
(0,28566)
(0,28551)
(1,28740)
(0,28885)
(1,28802)
(0,29241)
(1,28752)
(0,29075)
(0,28748)
(1,28874)
(0,28830)
(0,28649)
(0,28518)
(1,29587)
(0,28936)
(0,28948)
(1,28418)
(0,28796)
(0,28767)
(0,28254)
(1,29027)
(1,29353)
(1,28651)
(0,28326)
(0,28988)
(0,28817)
(0,28244)
(0,28658)
(1,28677)
(1,28717)
(0,28511)
(0,29296)
(0,28927)
(0,28725)
(0,28620)
(0,28639)
(1,28923)
(0,28879)
(0,28644)
(0,28679)
(0,28594)
(1,28613)
(1,29391)
(1,28702)
(0,28819)
(1,29055)
(1,29528)
(0,29036)
(0,29165)
(0,29114)
(1,29811)
(1,28708)
(0,29115)
(0,28824)
(0,29069)
(0,28929)
(1,28890)
(1,29288)
(1,28909)
(0,29510)
(1,29188)
(0,28667)
(1,28955)
(0,29289)
(1,28988)
(0,29063)
(0,29392)
(0,29129)
(0,28360)
(1,29230)
(1,29123)
(1,29421)
(1,28671)
(0,29610)
(0,28658)
(0,29231)
(0,28912)
(0,28503)
(1,28645)
(1,28833)
(1,29238)
(0,29109)
(1,29034)
(1,29197)
(1,29167)
(1,29232)
(0,28583)
(1,28962)
(1,28388)
(0,28937)
(0,28488)
(0,28702)
(1,28948)
(1,28950)
(1,29350)
(1,29298)
(0,28956)
(0,28791)
(0,28889)
(1,29298)
(0,29141)
(1,29300)
(0,28624)
(1,29643)
(0,28591)
(1,29522)
(0,29069)
(1,29514)
(0,28777)
(1,28918)
(1,29133)
(0,29058)
(0,29063)
(0,28809)
(0,28383)
(0,28838)
(0,28829)
(1,29151)
(0,28420)
(0,28753)
(0,28286)
(0,28760)
(1,28748)
(0,29005)
(0,28632)
(0,29172)
(1,29379)
(1,29145)
(1,28933)
(0,29164)
(0,28830)
(1,29093)
(0,28941)
(1,28973)
(1,29096)
(1,28678)
(1,28669)
(0,28988)
(1,29043)
(0,29038)
(0,29057)
(0,28702)
(1,29239)
(1,29213)
(1,29142)
(1,29147)
(0,29177)
(0,28760)
(1,29022)
(0,29265)
(1,29161)
(1,28793)
(1,28821)
(0,29214)
(0,28437)
(0,29036)
(1,28899)
(0,28680)
(0,28361)
(1,28975)
(0,29125)
(1,29050)
(1,29010)
(1,29226)
(1,29041)
(1,29002)
(0,29042)
(1,29495)
(1,28774)
(0,29650)
(0,28863)
(0,29433)
(1,29093)
(1,29354)
(1,28511)
(1,29241)
(1,28679)
(0,29621)
(0,28561)
(1,29441)
(1,29043)
(1,28930)
(1,28763)
(1,28960)
(0,28643)
(1,28736)
(0,29138)
(0,28749)
(0,29061)
(0,28693)
(0,28822)
(1,29413)
(0,29175)
(1,28966)
(0,28852)
(1,28744)
(1,29586)
(1,28933)
(1,29109)
(1,29248)
(0,29050)
(1,29366)
(1,29154)
(1,28903)
(1,29135)
(1,28893)
(1,28991)
(1,28359)
(0,28816)
(1,29432)
(1,28961)
(1,29102)
(1,29323)
(0,28776)
(1,29392)
(0,28341)
(0,28613)
(1,28757)
(1,29391)
(1,29412)
(0,29261)
(0,29048)
(0,28610)
(1,28444)
(0,28819)
(1,29209)
(1,28790)
(1,29189)
(1,29192)
(0,28996)
(1,28851)
(0,29329)
(0,28952)
(1,29330)
(0,29049)
(0,28280)
(1,29208)
(1,29126)
(0,29009)
(1,29228)
(1,29395)
(0,29133)
(1,28977)
(1,29367)
(1,29714)
(1,29225)
(0,29205)
(0,28437)
(1,29079)
(0,29362)
(1,29379)
(0,28764)
(1,29409)
(0,28717)
(1,29028)
(1,29038)
(0,28898)
(1,28921)
(1,29240)
(0,29462)
(0,28694)
(1,28791)
(1,28519)
(1,28241)
(0,30317)
